m*

78

rgifiuu Aeneide·

11711811 801818708781

Vergilius 4811911184

ΜΜΛ88Μ888 lmnmmw

uma

117 188, 89

118 7888,18.7189,1.448,8

uovmffiwmmw
711 889,1

m MQufflQu

m1fflmm

mvmmwmmw

m ququ

nuvmm

186 11Π881,8

· 1981818911118 898, 4. 809,
mmmmm

180 1484, 88

188 1111 148, 88

188 11188,7

mawmm

188 111 48, 10. 711841, 89

woewmm

u2nmfflmma

m qu

m nme

14448111 188, 17

uevmm

uzlmm

usfflwmwmwffi
88. 714841

ωᾳωωω

u91mufflstam
mmwwwm.
89818

ωνωηπ -

187 1188,8.ΠΙ488,8

m lmumffww

mowmmw

m2vmmwfflm

m mmm

188 7878,8

mqffmffl

mfflsz

1nmmmmmm
8. IIII 871,8

m mmmmm&

mmmmm

176 1488, 8. 1111 419, 89.
qumw

mmmm& ,

m mmmmm&

nmlmo

m lwmmmmfflv.

mu
mowmst
181 sq. 1 818, 88
m2vffiw
ma 14nsttnuwzzw
mmfffflmw
m Ή88
188 Ι 7 81, 1

191 788418

198 71 489,8

198 1489, 87. 488, 88. 1111
898, 1. V 898, 18

194 11499, 8. 111188, 877
89,14. 8888871488,

198 1481, 9. 71 489, 84

198 111888, 8. 1111 88188

199 11 471, 88 ’

mummz

899 η. 11814, 19

898 1488, 89

898 1188,18.11179,11.88.
αηινωΑι

897 11897, 89

819 711449, 81

811 1111188,1.187,88

818 1 887, 8. 484, 14. 111 184,
9. 891. 89. 1111 898, 88.
448, 87. 7891, 89. 898,
17. 891, 17. 71 480,
8. 487,8

818 1889, 84

mlmwwma
71147818

889 1181, 88. 1111 84, 17

8808118418

88118. 118997

888 714898

m mm1

888 1198,11.111198,17.7
848, 81

889 188,18

88998. 71 489, 81

881 1411, 88. 7Π414, 88

83418. 11 49191. 111188, 21. 881,
88. 898, 9. 888, 19

‘w ffQaefflmss

mfflwwwmn

848 sqq. 1877, 18. 484, 19

w [mamasswffl
anvma

πιωηηἯωε

888 111 148, 8. 1111 18, 4. 711

ffizwmm

manm2mmst

888 7888, 81

861 11188, 8. 97, 1. 1111 889,
&mmm

mumma

864 71814,18

w Ὴωο

wawmm

wst&

879 71 814, 18

8819811111 188, 17

 

