129192 1199111 ΕΤ 999909911 571

991, 9991111111111911 toronlsr 1111111111 991, 11 99. 111, 91. 190, 1. 191,
111, 11. 111, 1 torpedo 109, 9 1. 111, 1. 999, 1. 999, 9.
1191911111 119, 97 torques 992, 19 998, 90. v 111 o. b. 11
1911991111, 99. 999, 99 1111911111. 191, 9 9191. 19. 19,19. 99,9
syooop9218, 10. inperfecto 111, totidem 199, 11910, 98, 9. 79, 19. 77, 8. 97,
111911111111 99 11. 199, ιο. 111, 19. u
synonymis 999, 11 totiens 99, 9. 981, 1. 908, 1111911. 100, 99. 108,
19193111 911, 19 11
trabs 11111 111, 9. 119, 99
Τ 999, 9, 9 999 11 9, 99 moneo 119, 91. 11111111- 99919. 90911. noroy
9, 99, 99, 99 ,9, 999 99ζ tus 919, 92 19, 9. 119, 11. 199, 19.
191,19.919,'9.991,’99. 1111119199 .. u 11111 adverbis 912,
299,10. 999, 9329‘. 9999 11111 11 1111111111 90, 9. 99 , ,
99999 ubo 999, 9, 999 99 199, 91. 910, 97 11 1111111111 991, 1
- nssso 999 9 ’ 119111111111,1,111,11.1111111111
99999999, 999, 99 111, 11 1111111111, 19
199991919 99 11111111111919, 19 111, 11 101, 9. 111. 91.
1990 999, ’9 transfuga 999. 9 991, 11. 11111. 999, 19.
9999999999,9,993,19, 289, 11911111311939,91. 911,9 999, 11 .
99, 398, 99), dno 99999 1111911110 113, 91 valde 1719. 311, 31
909,9 tremo 919, 9 vallestris 291, 3
999999 “petum 999 9 trepido 991, 11 1111111199
teloneum 999,, 999, · 99, trepidus 919, 99 valvae bslbss 199, 9. 199,
911, 99 91119119999, 91 1. 111, 19. 99199311, 99
9999999999, temris„ 121 1111111111,9.1111111911,9 1111111111111119171, 19
99, 999, 9, 999, 99, 999 trimus 999, 9 1111111111, 91. 919, 91
99 ’ 1111111111. 1999, 1 ,sss vasis, vasum 91, 11.
tempemfig temperatio triumpho 292, 20. 311, 6. 112, 3. 293, 31. 312, 21
temperies 199, 1. 999, 9. ⁵¹²2 19 . 11191 119,9
troohseus 991,1·2. trooh91· 1111111111 119, 9
oum tetrametrum 9991 11991, 9 11111
111111101, 11. 119, 9
ventor 119, 19

4. 109, 19. 109, 10. 118,
1. 111, 1. 111, 3. 291, 21.

911, 90
91119111 119, 19

tempestas tempestivus 971, Τῐθῗῑῦ ⁵⁴1 ²0· 19, 4
9, 101, 91 truncus 119, 99

templum 919, 24 1191299, 11 vehemens 1111111 1111-
1111911,111111111 111111- 1999 '²6⁶1 ¹⁰ 9199191 19· ¹5· 68· 15·
poss 999, 99, 99999999, tum 1999 99, 19. 999, 9. 199, 9. 911, 99. 111, 1
10191111111111111111111 3¹11 14 991091199121, 11. 291, 211.
947’ ι, 999 9 tumulus 999, 19 919, 19. 991, 1

tenu'999, η’, 999, 99 19190191991119,1.1unsus vello 111, 11

1119111111 111, 11 tosus ¹⁶0, ¹⁶· ³01. 21 1111111111111. 991,19

tendo tentus ¹119, 1 turbs ⁶²⁰1 ²⁸ senis vines 311, ²8

99191991, 19. 111, 1 turbo ²9³, 14· 111, 21 venter 199, 19. 991, 99

, tergum tergus 99, 1. 999, 1919ΰῖ ²9³1 l voper vepres 101, 19. 909,
³. 311, 14 Τ1111 118, 19 31

9999, 99999 trivi 91, 9 11111 monosyllabum 292‚32 veratrum 199, 9

nonus 112, 1 verbera-22³, 91

tesserarum nomino 919,9 111111111111111111119, 1919919919911992291,
911101999,9.911,9 9. 119, 9. 999, 19. 991, ⁶· ³12, ¹1
999991999'99919 91, 11 11.999,19. 999,19. pro verbum 111, 11. 111, 99.
0199111999, 19 consonante vel soosli in 11111011
1111111111 99, 9 versibus 919,99. additum 11111 111111 919, 1

thesis posituro 119, 19
11911111, 11. 919, 9
111111 sibilo 919, 18
tim 119, 1
11111111, 99

tingno tingo 109, 11. 999,

9. 911, 19
111111 919, 99

111111 tosus 100, 19. 901,

21

vel omissum post g 19,
8. 99, 11. 101, 11. 109,
11. 119, 19. 119,1. 199,
22. 199, 99. 999, 92. 299,
9. 991, 99. 911, 11911.
919, 111 10111 19,11.
11, 1. 99, 90. 99, 11. 111,
22. omissum 11 perfecto
tempore 991, 90. gemi-
natum 12, 12. 19,1. 99,

communia 919, 11
11111111191, 1
defectivo 917, 19

119111111111,11.111,1 ’
frequentativa 109, 9. 919,
1111111111 99, 19. 919, 9
ἱψὲἷῖἕιῖῗέἷέῗὲῗίω
311111 919, 9 ’

 

