11101212 202121011214

523

424, 2. 444, 4. 444, 44. 444, 44. 444, Ephorus 44 444, 44. 44 444, 20. 444,
4. 444, 12. 111 44, 2. 102, 14. 444, 44. 44. 444, 44
444, 20. 444, 21*. 444, 2. 444, 44. 4444 Epicadus, 04444444. 44 444, 2. 4444 444,

444, 44. 444, 44. 444, 44, 44, 21. v

21. de cognominibus I 110, 0

202, 44. 444, 44. 44 221. 44, 4. 444, Epicharmus 1 422, 2. 444 444, 44

22. 212, 44. 444, 4, 20. 442, 2. 420, 4

20. 464, 60. 466, 29. 468, 6. 669, 16.

ΜἮω6

picurue 111 626, 6. Epicurei VII 644, 46

612. 6. 616, 16. 616, 18. 616, 9. 064, Epidius 1881, 6*
16*. 660. 20. 111 66. 24. 96, 2. 201, Epigramma in tripode veturtiecimo

emmmamm
annalium libri decem 4144041464,

Apollinis qui etat in Xerolopho By·
444444 44 44, 4. 444, 44

4. in molibus Ῑ 19, 2. 12, 133 16. Eratosthenes IV 660, 24
86, 28. 90, 26. 98, 4. 128, 61. 141, 26. etymologiae VII 144, 8
141, 16. 201,16. 201,1. 211 26. 212, Euanthius 11 606, 6. in commentario

44. 444, 24. 222, 4, 4, 44. 444, 4. 444,

Terentii 11 664, 4

κωκωηω4ω46ωῊΜ4
mmmmmummmmmmssmm
mmmmmmmmwmmmfflssmemmcwmst

444, 2. 444, 4, 4, 444, 44. 444, 44,
21, 26. 491, 26. 648, 2, 666, lor 20.
204, 4. 4444, 44. 444, 44, 44. 444,
60. 606, 21, 22. 604, 4. 610, 6*; 4.
400, 6. 666, 6. 626, 21. 661, 66
annalium 1164611190, 16. 11261, 9*.
. 4444 444, 44

mummmmmmm

&mmm

6444444444 111 421, 22

e'v δήμοις 111291, 18 ·

Προςπαλτίοις 111 291, 20. 620, 4 “

ἰ414119144416444494 dicitur χρυσοῦν γένος
ΜΛ

, annal 4444444, 44. 444, 44. 444 4,4 Euripidae 1 444, 20. 111 102, 10. 122,

4444441111426, 14
4444441.111066,62

annal Vll 1120,22. 44 444, 4. 444, 44
annm. 4444 4444, 44. 44444, 44. 4444
2444421. VIIII 11 218, 11. 486, 16
6444421.Χ 1200, 22. 240, 6. 616, 6.
222, 24. 1120, 4. 444, 44. v 444, 4
annal. xl 11412, 16, 446, 1. 416, 26
annal. XII 11 466,11 (4448411. 260, 6
annm 444444 44 444, 44. 444, 4. 444,
44441 44 44444, 4. 444, 4. 444, 4
annal. 4444 4 444, 4. 222, 22. 11 444,
4. 444, 44. 444, 44 ,

44444 44444 44 444, 4. 444, 4.

44. 444, 44. 202, 4. 444, 44. 200, 20.
1160, 61. 11, 9. 129, 26. 286, 16.
661, 1. 661, 14. 694, 26. 621, 6
in Alcmaeone 111211, 49
Bacch. 1441116120
Hecub. 444411116141
Hippolyt. 111266, 42
Medea IIII 490, 22
Orosi. 1281 Vl 666, 966
4444 444 444,44.444,444ο
Phoenice. 269 Vl 602, 22
642 1110,11.62,2
444 44 44, 44444
Rhea. 444 444 44, 44

Eusebiae VI 613, 26

in negamus 1222, 44. 444, 4. 444, Eutropius 112, 19

44. increpantia v 444, 44
Alcmaeone ll 260, 16

in Andromeda ll 296, 16

in Athamante l 241, 0

144816ὴί34414 1 262, 40. 441, 6. 11
in 4444444 4 444, 4. 221,20

in 444444 4 224, 2. 444, 4. 44444, 12.
111 426, 66

in Melanippa 11 611, 10
in Nemea 1111,4
in Phoenice I 104, 26
in Telamone I 062, 44

44444 11 vn 141, 12. 122, 4. 212, 44

Fabianae I 690, 11. de animalibus I 106,

14. 142,14. cenenum naturalium ll
l 400, 44, 46, 10. causarum libro 11
et 111 I 142, 26. cansarum tertiol

215, 22. Fabianae Papirius causarum
naturalium IV 209, 21. 642, 10*

Fabius v 222, 11. VI 22, 44
Fabius Maximus 11 680, 9 (o. 444144.)
1441144444 poeta 11619, 1610. Faliscum

{3320 11 122, 12. 120, 16, 26. 666,

in comoedia Ι 400, 21. scriptor rati- Fannius 14 444, 44. G.Fan11i11111220,
rorum 1486, 64. in Epicharmo 11641, 9, in I annalium 1118, 16, onnalIum

20. in praeceptio 44444, 11. in Pro· 11111124, 1
nepueu 1 64, 19
Eunias commatico (2) l 96, 12. 111 142,12

(1. Fannius 0644644144 G. Gracchum Ι

224, 4 fasci 1 444, 44

 

