mnux sooffuonvu 088 ’

pro Luoio 0999919 99991919911990, 0911111 (1) 11979, 94

99. 1911919199 8991111111 11919, 3. in Color o. 7911119Ι ¹

91111999 99 quio 1191919 9999911191Π Colono, 1111991191 (41991191) 1900, 97.
ffimwmmmmlmmmmmmw
199, 99. 19 L. Furium 99 91911111 908, 999, 61 ³⁰· 123, ll· 11 98, 8. 148, 7.
9Μ1Μ99ΜΜΜ99ῌ9ΜΜ99Μ98.
dicturum do consulatu ono 1 199, 98. 90111 11, 49. 408, 9. 7 379, 1· 390,
,mummumumnowmb
wmmmmummwmummfflnnnmmffin
omnnmmfflmmm0mfflmmnnnunn
consulatu suo I 919, 17. 990, 99. 47,9

991, 14. 999, 141 19. 994, 9. pro 8991199119111918897899991
Hisponis do frumento 191111. do Chaeremon 71 990, 7

11191191 90, 90. 19 198191191199999· 0119111199, Flavius Sosipater 7199919.
sione 11991, 9. (19 Macedonio 1189199- 999, 4. 979, 18. 979, 99.

dn II 88, 9. 99 Mo um 188818. p. 49,9 11980, 17
9991111 G. Pitouem 939,Ιο 19 919- p. 49,19 11994, 49
11999911 91999919 publicum 1919191111 919917 111 11, 14
8997, 99. 99 moribus Claudii 17919911 p. 949, 10 11 470, 19
11199, 4. de Ptolomaeo 9119919 do 1994411199. 11 489,19
Τ99119119991119991188,9. 999191 ’ p. 949, 19 1190917
Thermum (19 Ptolemaeo 11 91, 99 (9. p. 949, 19 11 939, 9. 111489,
999,). 19 Thermum 11 88, 10. 971, 9. 97
9499191199).19091919971191199111 99491* 111911
11977, 11. 99 19 911111911 11 994, 19. p. 949, 9 oq. 11911, 19
99191999 Ti. 8991 1991919 Longum II ρ. 949,9 1191919
97919. nd 9991119111 99 triumpho II p. 949,9 11 999, 99

87, 17. in contundo 1991119 9119111· p. 949, 11 11 499, 18
99111Π999,19. 999, 19. do 19911111 199499 11941, 19

91 1911199111 1119, 9. 999119 7919111119 p. 941, 99 11999, 99
11908, 9 (o. 999). 99 Lucio Veturio p. 999, 1(v. 998111 998, 9

11911, 19. 99 7919119 11909, 94 (9. oharmlufi v 13, 1

994). de agricultum 1 ³⁶8, ²⁵1 chouamborum scriptores 11 111, oo
1091917, 14 09111919999971 910, 19
Coto grammaticus 17 99, 19. 7148019 Cicero, 11. Tullius 199, 10. 99, 9. 77,

Coto nepos 119 9911991999 nd populum 19·99.19.109,99*.109,10. 199, 8.
ne lex uun abrogetur 11 90, 19 189, 80. 187, 97. 188, 10. 911, 99. 918,
&mummmmnmwlmmmmmmmmmn
961, 4. 989, 18. 111Ρ119ρ. VI 119, 8. 8. 814, 88. 880, 94. 888, 1. 877, 4
umnmnmnmnananmwu
mmmmmnmnm-mwmffimufflon
1111111 197, 11 98, 90. 88, 98. 88, 98. 40,19;98. 41,
wmamwuwmunm wnnannwmnu
2562 98. 911, 98. 948,14. 419, 84. 811, 99.
2 91161, 119921 V 99, 99. 71, 99. 111, 11. 994, 91.
’4 Vl 981,8 894, 8. 808, 8. 887, 99. 878, 14. 488,
9, 1 71980,88.988,8.814,18 8. 818, 17. 817, 8. 890, 98. 888, 81.
η unm omwmnwmnmu
4, 1 VI 88, 98. 84, 4. 134, 04411. 71 844, 887. 488, 91. 47911.
4. 188,1. 188,1. 199, 488, 90. 498, 13 8. 494, 98. 498, 98.
omwmmommuunmfflnm
oonfflu wmmuwumom
98 sqq. Ι 989, 98. 844, 7 94. VII 84, 18. 79, 1. 108, 7. 11819.
uu unu mumumnmmnm.
om mma mmnmnmnwmu
9 umnmm ummmstmfflmnm
no 199 nmmuumuwmm.
99 nummus Amnwwmm
98,1 71 194, 94. 410, 9899 phoenomena 1 489,8
- 9 71 999, 14 19 99191199 11991
94,1 711990 991999991119,19*.491,91*

 

