576 llllllul RERVM ΕΤ 7838011711

segnis 111, 18 8811118 888, 10 ,8181881818
segnities seguitiu 880, 8. 8881188108,11,100,18 88811881 pontes 811, 81
810, 1 8818118 811, 8 8881118 810, 18
seius 11, 18 881188, 88. 808, 81 subnecto 810, 80
8811888818 18, 11. 18, 11 8811818 880, 18. 810, 8 8888818888, 18
8881188888 811, 10 · sollemnis 188, 18. 810, 81 subscribo 1808
semivocales 818, l. 881,11. 8881818 88, 1. 181, 88 subsequor 181, 88
888, 80 88188 881888 81, 11. 881, 81 subsidium 888. 88
senex seneclus senecta 88· suplici 888, 11 88881118 811, 18
’ 81818 870, 18. 890, 18119. 8818 801018889, 18. 309, 38 8111181180 117, 18. 878, 11.
801, 1 8118118811, 8 801, 1
sententis 881, 88. 811, 8 specles 88011, specislilus subter subtus 188, 80. 188,
sentio 811, 8. sensus 188, speciosus 888, 81 1. 888, 88. 818, 8, 88.
18. 810, 1. 811, 18 spectaculum spectacuculum 808, 18
sepono 888, 11 881, 18 8888818801, 18
88881888888 specto 87, 8. 110, 80. 878, 88881188 111, 18 -
sepultus 818, 18 8. 801,1. 811, lc. 810, succipic 8. suscipio -
8818 881, 81. 810, 11 17 888118188 888, 1. 881, 18
’ 881818 881, 11. 8818 spiritus 181, 81 suetus 810,1
8818, serere 881818 88, 1. 1890999, 19 'nhil‘ 119, 19· 999, 0
891, 21, 810, li splendor 881, 18 8881888188, 81. 881, 81
8818 adverbium 810, 11. 91899390 391, 13 39139· 399, 33
,sm 189, 25 spondeus 881, 8. 8888111881 summoveo 399, 9
”rpem 111, 10 Vfflll! 1100, ll. 252, 30, mmmm. 1²01 3· ²⁹01 39
8818888 801, 18. servulus 9333 9919039,9993893399
881, 1⁸ ¹ 8888881810, 18 18. 888, 1
servitus 8811111881 881, 1. 1803910 99, ll super 118,10. 188, 8. 180,
81811. sis, ll st ,0, 18 88. 818, c. 881, 1. 888,
8818188 181, 1. 888, 11 310101990, 13 80. 118, 8. 808, 18
8811111188 101, 18 339993 399, 14 ’ superbus superbis 810, 80.
,ᾗ 419, 15 818118 818188 101,1 iii, ῃ
sibilus ubils 881, 8. 811, stercoratus stercoratus 188, supsslsusus ,1818818118
11. 8181188 18 pronun· 99· 9194 supero 88, 88
11811888 818,8 19010001911000111, 13 superpono 888, 18
siccus 811,8 “ 3301933309 ¹1¹1 ll 8888118818810 18
8118811881 198, 11 191319 397, 93 suppedito 109,’11
sileo 881, 8 99399133 1¹¹· 13 suppellex 809, 80
011010 991, ll 391993 ¹¹11 ¹3 supplicium 188, 18
similago 111, ll stirps ²⁹1, ll} supplico 188, 8. 818, 1
similis 8118. 118, 81. 188, siluis illstsns 101, 1 suppono 188, 18
18. 888, 88. sous sto ⁶10. 10 supremus 118, 8. 888, 81 ’
simplex lucius sula 888, 8 strennuum, ¹? supra 118, 88. 888, 81. 8188
simpuvium 181, 8 3999 99989 99389993 113, 88188188881181808,80
timul 391, 99 ¹¹,- 991, 13 suscipio 81, 17. 98, 8. 1880
8181818811, 88 8909890 9339033130 349, 97 suspicax suspiciosus 888, 8
sinapi 181, 8 . Simo 979, 10· 391, 9 suspicio 8810888081. 108,
suscipis 18, 18. 888, 8 1183101083 88
sins 111, ll. 881, 1 sincium 030, ²0 suspicor 888, 18. 88818
singularis 1881818 881, 81. 399739 3331393991 949, 93· suspiro 180, 81
188181881188, 18. 118. ¹⁹ · sustollo 181, 11
111, 81. 118, 18111, 1. insulso 307, 84· ⁶42, 1⁹ syllulu 11, 1. 18, 18. 118,
878, 18. 878, 8. 878, ils sub 84,11. 888, 19. 310, 8. 889, 11. 387, 18. 388,
18. 118, 8. 888, 18. 181, 18. 11811. 88811811, u. syllabarum divisio 88,
88. 889, 1. 893, 80, 283 80.088,17. 1880188081118 9. 187,8.808. 1. 883, 88.
el. 891, l. 898, 13. 308, 181,13. 188, 11. 808, 18. 18111818. 87018. 878,
lm& mmm mummum
sinus 188. sl. 111, 8. 888, 18 subdistinctio 118, 1 18. 888, 11 888, 1. 881,
888181888818 subduco 119, 83. 890, 30 13 31. 310, 93. syllabae
81818 810, 80 88888 801,8 communes 180, 18. 118,
8111888 811, 18 subgredior 810,8 8. 888, 81. 881, 10. ne·
81188 8811818811, 18 888118, 18888118 188, 18 cessitate 818111 productae

 

