INDEX 11011711 ΕΤ 7100000711 567

exul 0100122, 14. 28, 10. 1010110473, 20 fortis fortitudo 024, 1. 031,
00, 10. 204, 2. 300, 20 ferveo 1002 12
exulo 400, 28 1011000010110101100101103, 100011010110110 042, 17
01110100 111,11.111,1. 11 fortunatus 11011. 111, 11.
, 802, 27 1000110473, 20 0204
exulto exsulto 300, 23 1001110111,11.111,1 forum21u,10
exuo 472, 3. 01010 204, 4 10011100 302, 10 ,, frater 27030. 474, 3. 021,
exuviae 011, 11. 111, 11. 11111101, 10 1. 01111110 10, 11
10011 exsuviae 111,1 fieus 100, 10 fremor 1001011100. 111,
000110 00000 0000 07, 3. 22. 301, 20
p 331, 3, 333, 3, 133311, 273, 113 11. 301, 24. 302, 1100001 frena freni 110; 1.
3, 13, 3, 33, 11, 33, 3, 0. 11³,11 032, 1, 271017Ι
31, 3, 13133331, 333, 0030 111101,1 6003011 03130 110, 0031150010οη verba 100, 8.
J 1333333313 3, 33 13, 33 Ι000 93,'15. 109,'10 1100000110 020, 28
. 3 ’ ’ ’ 111101 01111111,11
1331133133 11 ’ 0110000100, 10 11100273, 26
facie. 133 ’3, 331 13 01100181011131470,1 frigo 273, 27. 544, 15
saeui· 33, 33 ’ filix felix 1011111111 101, 1. 1101111011111101. frondes

¹ 0101111110, ’11; 11. 101, 0. 303110 , 111101110, 1⁶
,3313333 331331, 1³‚1 01111010 0101111111 272, 10 00001100110110,2

13313333331333133333 01111100 syllabae 237, 1 00300110, 1
111, 15 01130 00100 78, 10. 1000 fruor 24, 22. 474,1

, facult„ 13311113, 3113 0111101,10.01104700 fugium 4700
fundushoedun11,0, 33,,3, fimus hircus 10, 1. 01, 11. 03101111110

01 11 81, 12 ·’ fulgor 111, 11
11111’11111101111101011111 11011111 411, 10 fultio fultura 111, 1

11 ’ 111100 festum 101, 10 1111111111,10.111,11.101,
fug 10014, flagitium 273, 11. 302, 8 27
sulm 1013333 113 3 0011110011 108, 14 fundo 470, 10
Falisci 13‚9 ' 11111 111,1.111,11.101, fungor 110, 11. 111, 11.

fuso 0011101111, 1. 1011 10127 ’ 101,10.111,1
mm 133, 11, 13331333 0011111033, 3. 272, 17 101010 474, 20. furens 478,

111,1.101,1.111,11 01047110 20 ,
sm ,111, 33 000 101, 10 Funus Fuuuu 18,18. 23, 10

sm. 105, 11, 133, 3 flumen 0111100 013, 13 furtim 10100101 furtive 028,
0101111ω110010111,11110,11, 10

³0 foedus 10000110 33, 14. 278, furunculus 103, 10
smum 523 24 4. 301, 28 101101 125, 9. 272, 24. 301,
1211 301, 1’4 1000110 10001, 10000 273, 4. 27

000101100101111110 301, 2⁹ 111111 011, 18 ,
[3313111311 10101011100101110043, 10 futurum 10111100 111 1111101

fu 011, 10 2 1011111111 11, 0 in οο 101, 11. 111, 10
fucinum 101, 11 1111131111,10.101,11.101, futuru1111, ²³
1000110 1101011103, 8. 01, 11 2. 302, 12
, futu· 111111101011111. fordeum hordeum 11, 0. 23, 0300, 3. G 11110100 figura
101,11.111111101111,11 10. 01, 11 11000001101010100
⁸ 101100 superbia 110, 13. 101001010101101073,1 formae inventio 10, 10.
111, 11. 101, 11 forfice· 11010. 101, 10 3010111. 101,1, 111,
1000001001273, 10 1011272, 30. 301, 28 9. 108, 0. 238, 22
Fauni 023, 28 formu 030, 0. formae 101· 00011010 042, 20
101110 1010 131, 1 0010111340, 1. 400, 2 Gaia 03, 3
10111473,Ιο 021, 13. 0101 formido 024, 23 eutius 108, 4
302, 10 cf. filix formosus formonsus 21, 10. 01100 Gallicus 020, 11
1010147018 0018. 110, 3. 13012. 1010011010 camellum 14, 10
ferculum 11, 11 111, 1. 111, 1. 101, 10. 31311111, 10
1010 082, 0 030, 01 20 garrio 3011111110 302, 31
100001011011,0. 100, 8. 1011111110 161, 2. 302, 13 gaudeo 470, 17
1010011301, 22 fornax 273,1 gaudium 121, 10. 274, 2.
100011, 11 1013110111,11.101,1.101, 101, 11
1010110100 030, 13 , 12 3011111100 14, 10

 

