546 · 19999991919909991

01111111,1111611111,1;22 9111111111111111 11111611 rm 1611116·
· 01161116111161111 161 6. 11121. 212, 21 1111 161, 99 113.

1161111111116222, 16 hm m' ⁸
Βσ11111111161216, 6 1111111 111111 116, 6. 222, 2. 616, 143
Βοα16111111111111266,2 16. 660, 6. 661,12, 11. 1111116111 19
1111116661 216, 1 “ 1111111161
1101121116 161,16. 216, 99 216, 26. 216, 1011266,11.262, 11

6. 226, 61. 261, 21. 262, 16. 261, 20. 1111116101111111111111111111611111111

211,1.626,2.111111611116111111111· 266,16.262,1

1161111111· 166, 1 1111111111 262, 9'9
duodecim 11111116 11, 12 “ 1111111111 11111110 166,1
61111111161ω 1111116116 210, 61 121 944, 20
21111116 99, 26. 26, 2. 201, 2. 666, 26. 1, 162 1944

1111. 111, 19 9, 999 949, 49
1111111,11111111111111166,1* 11, 20 16210 ’
6111111111011161111 166 162, 26
Epicurus 626, 11. Epicurei 544, 66 126 162, 26
etymologiae 166, 6 160 162, 60
Eutychen 161, 12. 122, 4. 212, 21 praeterea 9109999 111 111111 Iuvenalis
11111111 libri 194, 9. 999, 19 111116111111511126811
111111Ρ110111
109411911999919, 10 111116111111211111116261, 11
111111111111,11.111,11.111,11; 11161111 11111611111126,1ΙΙ

61. 261, 16, 262, 2. 266, 11 1161301216 Syracusanus 166, 1

11111116, ’11126 11612216, 21. 22216

(1611262 0011101121 Lucanis Phanai. 1 1111. 266, 8
11211106100,1 Π 60 666,16

11111111111116 194,19. 199, 111611 ω’ 20
14. 111,· 2 513 25
611111 1161111111 111, 11 , 543} 20

(1123011116 261 9 211, 6,6,11.212,1. 9415
999, 19. 999, 91. 999', 11. 999, 19. 232, 13
999, 94

Helenus (1) 216 6

practerea 9199999 11 varim ’1111111
nemim· 16θί ,4 111111 1611111111 511, 26 sqq.

Lucilius 1999. 91, 19. 99, 9. 9914. 99,
9. 162, 6. 206, 26. 991, 19. 994, 99.
, 11111216111111111111111,
22. in 11101111111111 16, 15. 61,1.

Hesiodus 622,1
Hieronymus 212, 12. 261, 12
historici 166,6
Homerus 914, 9. 999, 9. 949, 94. 999, ὃ, ,
³¹¹ ³3²· 43'4594'16958'4ffl' ⁷ 9191'99111999, 11. 116, 11. 994, 9
999 2339, · 999 11111
· 111949 949, 99

Mssffissffig ww mmmst

Horatius 990, 3. 909, 26. 994, 5 Macer, Aemilius 282, 16.

cam. 141 33212 61111111111
162 98.ss 11111111 1111111111, 19
11 1,2 1421 Martialis 11111. ix 199, 1. 999,1
19 112. 44 1111111111 111, 9. 919, 19
1³. ²1 12⁶. 1⁰ Melissus 9999
1119,91 64, ²³ Memmi19101,19
epod· 12, 2⁶ 4068 1161111111111, 19
111. I 1, 26 621,10 116111111111131211,2

111- 11 ὲ {gg iii} {⁰ 111111111,111111111,10

11111. 99 111, 99 1611111,1,11.11,11.11111111
99 9991 199,19’

 

