560 INDEX EXEIIPLOIIVII CICERONIS 34119311139999111 81:181}an

881311118888111888 808, 88 73331831331111980 474, 90
333 4888 808 1323
488 487,19 748 488,14
313 1323 323 811,4
888 488,1 888 90119
880 488, 81 818 808, 88
888 313, 13 313 480, 88
888 818, 88 888 488, 81
888 4888 888 818, 81
810 488,18 844 478,9
332 480, 80 848 488, 18
993 481,14 83332313131711331311331 imperatorem
888 488, 88 488, 11. 488, 98
878 489,10

INDEX RERVM ET VERBORVM

-0-

1332, 8. 111 1 31 33111111. 13. 888,18.888,18.888, 233, 8. 884, 84. 333, 12.
tatum 88, 8. ini 110, 8. 14. 888, 3. 332, 33. ad· 481, 13. 433, 23. 133, 3. ad
2113112 21333912 419, 99 3338131331 390, 8. 333· 21118. 8888. 88, 14.

221) 99, 9. 34, 9. 90, 9. 1333113333 390, 80. 390, 1941413333332111399,
988, 8. 988, 98. 888, 8. 91.13191·13011931131881,8. 8. 81, 10. 19810. 181,
418, 10. 470, 9. ab 2111 494, 14. praepositionum 18. 199, 9. 907, 7. 908,
au 181, 22 ’ 333323131331331331· 88. 881, 8. 888, 88. 884,

9112119110 487, 18 num 888, 18. 888, 98. 18. 988, 73 17. 888, 10.

3111211333 99, 18 379,1.23333133311333123 888, 19; 91, 88. in 23

abdico 988, 18. 481, 8 878, 8 13119893198, 8

abduco 499, 91 2333339 2333213 99, 9. 71, 211333 191, 91

abhorreo 488, 14 19. 107, 7. 114, 10. 194, 313331111112493, 18

abitus 114, 17 17. 984, 19. 988, 8 adfatim 188, 9. 888, 18

ablativus 848, 18 singu· accidere 88, 8. 118, 88. adfecto 4888
1313133913 declinationis 881, 80. 8888 818181 488, 18
in 1 77, 8. 978, 8. 989, accingo 448, 91 9111913 118, 99. 984, 14
8. 888, 80. 880, 10. 232, 3131313 88, 88. 881, 23. 313, adfixus 484, 18
11. 333, 81. 3133111311- 13. 488, 12. 323, 2 3911313333, 3
32313311321333131321331 accipiter acceptor 107, 8.- 211133 497, 3
108,0;18. 332311313311· 884, 33 adgredior 488, 99
32113313 in 31133 94, 13. 23312313 999, 9. 997, 10 adhibeo 490, 91
98, 3. 108, 1. 110,18. 2333333313 99, 9. 499, 88. adiectiones 8888
188, 18. 22312 888, 22 adimo 880, 13

, abnuo 490, 19 2333328333 singularis 133- 21131133 499, 90

293133 999, 90 1122 123113211331313 im adiuro 490, 99

abrogo 888, 18 33, 8. 888, 80 3911113 232, 18. 488, 88

2939014. 39910. 997,9 2333331073. 2333133 23331- 211333 999, 19 ·

11133313 91, 3. 94, 19. 32133 79, 13. 999,9 adloquor 184, 18. 888, 3.
997, 3. absconditus 8848 2333 23313 94, 9. 107, 9. 304, 90

2111331133 28333113 94, 14. 999,13.994,7.999,17. adludo 488, 88
31133311 absorbui 88, 18 4323 administro 488, 18

abspulsus 994, 99 acerbus, 2333333 114, 18. admiror 119,4

3939333334. 2112231312 884, 18. 888, 8 admitto 223, 13. 333, 32

absum 499, 88. absens 4844 2331331999, 8 admoneo 191, 8. 888, 84

abundo 213313 449,9 88111181188,18 499, 90

abutor 481,1 actuarius 23123133 74, 10. 31133333 493, 99

8881818111888, 18 188, 10. 888, 18 adnixus 488, 18

233313 999, 3. 494, 17 2333 999, 19 2133 499, 19

1332131333. 818, 8. 888, 19 88, 3. 33, 13. 84, 8. 888. 111333 323, 12

 

