Imm SCRIPTORVM

VergiliuuAmII 11 111, 1 1711ᾐί11111.1111 111, 1
11Ι 111,1 110 111, 10
11 111,1 111 111, 11
11 111, 18 111 111,111
11 111, 11 111 111, 11
11 11,11.111,11 180 111,1
*τι 111,11.1111.1ι1,11 111 11111131
11 111, 11 · 110 101, 11
11, 11, 11 111 111, 11
11 111, 11 111 181, 11
,111 11, 10 111 111, 10
111 111, 10 111 11, 11
111 111, 11 111 111, 11
111 111,1 111 111,1.110,1
111 111, 11 1111 111, 11
111, 11 11 11,1
111,1 101 111, 11
111, 11 111 111, 11
111, 1 111 111,11. 111, 10
111, 11 111 111, 11
111, 10 111 11,1
111, 11 111 111, 11
11,1 111 111, 11
111, 11 111 111, 11
11,1 111 111, 11
111, 1. 111,1 111 11,ιο.111,11.1ι1,11
433, 33 111 111, 1. 111, 10
13333 811 111, 10
119, 11. 111,1 111 911
333, ιι 110 111,1
111,1. 111,1 111 111, 1
111,11. 111, 11 110 111, 11
110, 10 111 11111
11, 1. 11, 11 111 111,1. 111, 11
313, 33 111 111, 11. 111, 11
101,1. 101, 1 101 111, 11
4333 ’ 111 111,1
111, 1.111,1 VII1 11110
133, 31 111 111, 21
34314 111 111, 11
111, 11,111, 11 111 111, 11. 111, 11
mg 111 111, 11.214‚1.111‚22
313, 10 111 111, 11
110, 11 111 111, 1. 111, 11
443, 33 111 111,1 .

11, 11. 111, 18 ⁶84 1119
119, 10 ⁶94 201, 24

111, 11 VIII 11 111, 11

4343 111 111, 10

111,1 111 11, 1; 1

433, 3 111 01, 11

33, 1ο 111 111, 1*

111, 1 101 111, 11

111, 11 111 111, 11

33, 3 111 111, 11,111, 11
111, 11 111 111, 11

111, 8 111 111, 1

111, 1 ’111 111, 11

111, 11 IX 11 11, 1. 11, 11
111, 11 11 111, 1. 110, 1
11, 1 111 111 11. 111, 11 .

 

