monn 8111871187 7811808211 573

porc, 8881818 porto 499, 22 8888811118 percnum 124, 20. nicoclem 270, 29

orico orationis 218, 8 288, 4. 806, 82 81811804, 7

8811188188 mono 844,2 perduco 121, 21 , 81888118 tunium 104, 18.
8888181111 101, 21. 218, peregrinus 881, 8. 288, 81 8888. 8818818888.

17. 848, 82. 408. 2 perendie perendino! 284,8 288, 12. 270, 18. 271, 28.
purtim 118, 17 8888888 perfidiosus 848, 9 27280. 278,17. 278838.
partic 8811181288, 8 perfuga 828, 8· 278, 18. 279, 7. 281, 9.
81881888181188,4. 118, 88188 888, 82 282, 88. 888, 18. 888, 18.

18. 188, 16 perronium periclum 79, 14. 288, 28. 287, 28. 298, 208
purum 888, 88. 888, 28 184, 84. 288, 8. 888, 88 88. 88128. 888, 8. 842,
parumper 808, 21 perimo 829, 81 44. 844, 21
porrus 828, 17 periodus 148, 18. 248, 21 81884898328818888119, 10
88888 497, 24. 8888888 891, peritus 498, 19 pluteus 101, 12

17 perium! 228, 8. 807, 02 poonlnm poin'o 118, 20. 284,
888888 88888811 288, 28 88818888 8118118198, 19 89
panim 122, 2. 284, 8 8811881881188 88, 18 8888888888 podagrico· 288,
poteo 800, 18 88888818 297, 7 18
881188 801, 9 pernicies 890, 12 poderi. 389, 3
8818188 88181888 99,18 284, perosus 801, 90. 842, 18 poem poeni. 8883188 1²00·

1⁸· 3⁰⁶2 ²⁰ persequor ¹2²1 11 11888 828, 11. 8888118188
patrocinium 827, 18 perseverantia 122, 20 genero 282, 18. 428, 9
patronymico 8881188 898, personne verborum³41,11 poena 881, 99 ’

⁶- 111, 22 persono 212, 11 polenta 888, 4. 884, 88
8888888 808, 8 pertaesum 881 800, 9 polio 387, r
paullum 20, 18. 80, 10 pertinacia 122, 20. 288, 8. pollen. 383, 3
8212812122 300, 92 pometa pomario 888, 81,
pauper 98, 2 pertineo 809, 11 383, 33
pauperior 8888881148 99, 19. pervcnuoporrorruc 149, 18 pono 99, 23. 979, 8. 880, 18

294, 17 888, iu 88 8149219. pedon pono 838, 8, 381, 8
88188 8182828819. 907,4 moiri 218, 7. 241, 14. 8811118118
7121183. 11 8113, 25 populo 8888188288, 8
peccatum 819, 9 pesculum pertulum 88811881 pom 331, 1
89010 89011110 88, 8. 281, 111, 1. 208, 7 porrum 288, 22

14. 988, 28 peierodium 200, 8. 907,17 portentum 888, 20
pecuniosus 828, 8 88118 282, 29 portitor 844, 41
poen· 101, 10. 884, 28 pexo 888, 18 posco 128, 88. 288, o. 888
888818 888818 822, 29 ph φ 98,4. 188,8. 190, 7. 33 .
ρθίθῖτο peiurium 229, 8. 807, 207, 18. phi 91 1110740117 positio syllabarum 229, 2‘1,

ologuc 111, 1 8181888188 metrum 251, 10 881121θέ838 183, 31, ms
1218881320, 7 Pharus ⁶42, 82 pomeridiano· 79, 3
pollux 88, 18 Phemonoe 992, 8. 994, 4 8881888884, 13
88111818 88, 17 Phoenices 928, 2 pomum 881, 21
8811188 282 81801281 , post 88, 28884, 8. cor, 88
88102891 iimo, 8182084 prgneru 8888881881888111184,18.
Peiopt 27, 11 ⁴ 118, 10. 284, 80. 800, 31 318, 801 postremum 50451
8888188118888888818 pilu, pilum 88, 8. 881. posthabeo 882, 12

, 88 13 1111884

71222112 22112 93, 3 pingo picino 78,18. 1008 {xiiiia 803, 24
pendeo 28⁴· ¹· ⁵⁰⁰. 12 811111881828418888, postis 181, 88
888188,8888888888ι301,22 88 90319000233‚13
penum 122, 22 18881111 mola 88, 8 postquam 481, 81
222312281128112· 222 1188111811 884, 8 8888881188. 88

12 , pistrinum 8188118 888, 14 8811118128,18.288,8.888,
82818189191718118110112242, piu, 282, 86 33

²⁶ ‚ , plagiarius 888, 18 8881811188, 4. 881, 88
8221282222 242 4 814188 188, 81 potemus, 1. 818, 4
penum 128, 29 plebs 81888 27, 11. 74, 1 881188· potissimo· 102, 18.
888 809, 17. 888 1888888 81818188 99, 9, 272, 17 289, 28. 908, 22

804, 9. por 18 8881888188 8181188299, 12, 908, 21, 497, 881181 terbum 289, 14. 808,

28, 8. 88, 11 18 21. 428, 1. 488, 8

 

