‘ 15501555115511 1115551111

Vergilius 1551 155 433, ιο 7337473433777434 473, ι7
433 43334 473 43333
505 505, 10 550 505, 15
555 155, 50 οοο 3ι4, ιι
373 43ι,3ι 510 4οι,ι3
333 1505 · 515 477, ιο
333 433, ιο 343 3333
337 3ο7, ι3 334 505, 15
999 9947 “ 173 333, 51
999 9999 ιο 337, ιι*
οοο 151,5 13 1000
799 999, 99 37 155, 15
704 151, 55 50 480, 51
799 999, 99 37 433, 33
550 505,15 οι 4733

173 3ι3, 11 7ο οοο, ιο
4333 05 155, 55
155,1 155 433, ιι.3ι3,ιι
477, ιο 555 505, 11
1555 337 433, ιι
οοο,ο οοο 43ο,3
473, ιο 550 5055
155, 55 550 505, 15
105, 55 550 155, 50
474, 55 , 510 151,15
150,15 155 151,15
43ο,7 433 433,ι
47ι,7 ‚ 151 505,50
433,ο 333 151,15
437, ιι 550 437, 51
155, 55 373 474, 51
433,7 · οοι 473, ιο
3ο7, ιι 500 50⁷‚5
505, 50 515 4733
433, ιι 334 510, ιο
437, ιο 555 505, 15

ι 99919 v11 434,ο
979, 99 οι 433, ιι
991, 19 73 433, ιο

“ 9999 77 115,15
9999 . 155, 55
9799 155,10
999, 99 155 151, 55

. 155, 57 500, ιο
979, 10 505, 11
505, 15 433, 55
151, 55 473, ιο
433, 51 477, ιο
510, 51 433, ιι
501, 11 477, 33
4οο,3 155,15
433, ιο 155,11
477,3 4333

. 511,11 473, 34

. 433, ιι Ι437, ιο

. 433, ιο 433, ιο

. 47ι, ιο 433, ιι
505, 55 155, 55
434, ιο 4333
477,7 434, ιο
οιι,ι 433, οι

 

