’. APVD Assvslmvn MESSIVM

Ter. Eunueh. V 2, 44 48516
55 555

26 ⁴82, 18

aa 555
55 555
55 555*

5 555
Heauttimprol. 18 501, 21
41 47⁹‚6
155 555
5 555
55555
555555
55 5555

5 555

80 497‚4

5 555

u 555

5 555

“ 1014654
55 555

5 555
555 555
55555
555455
55 555
555 555
55 555

- 55 555
555 555
11555. prol. 1 49518
· 5 555
555 555
(δ 64 ww
5 555
’55555
555 555
5 555

5 555

55 555

5 555
555 555
5 555

5 555

55 555
555 4555
5 555

5 555

55 555

2³ 460, 14

6³ 482, 25

5 555

92 452, 17
555 555

Phorm. prol. 2 51³, 3
5 555

155 555
555455

55 555

5 555

555 555

· Ι555

Tor. 15555. 11 1, 5 555, 5

5 555
55 555
55 555

555 555

5555 555
. 5 555

5 555
5 555*
55 555

555 555

55 555
555555
55 555
55 555
5 555
55455
5 555

Vergilius 55555 5,5 555, 5

5 555
555555
55555
5 555
5 555

55 555
5 555

555555

5 555
5 555
5 555
5 555

155 555

5 555
5,555
5 555
55555
55555
55555
55 555
55 555
5 555
5 555
5 555
5 555
5 555
55 555
5 555
5 555
5 555
55 555
5 455
5 555
5 555
55555
55555
55 555
5 555
5 555
5 555
5 555
5 555

³6*

 

