mom( 1888881 ΕΤ 7118808711 575

- qui quis 11, 10. 10, 11. 1010510101, 18 811101 888
- 011100 001 quoius quoi 72, regius 1050110 287, 21. 008, 00000011 028, 21
8. 888. 11, 10. 118,11¹·. 11. 888, 1 10001 118,1. 8881. 111,1
207, 1. 001 disyllabum 1051110100 000, 18 0001100111, 10
210, 20. quicum 804, 20. 101010 211, 0. 200, 0 0050000051110280,00.010,0
quid 1101111010 000, 0 1010501110 000, 0 001 100, 1. 111, 10. 201, 11.
quio 888, 80 1011510208, 7. 202, 0 010, 12
quicquum quidquam 180, reliquus reliquiae 188,18. 00110 011,1
10. 208, 20. 212, 7. 287, 208, 7. 808, 81 0011110010 101, 8
1000011 ³ remedium 888, 1. 010, 10 00101101 0110111110 088, 81.
quoquo qudqmd 00. 10. reminiscor 808, 18 808, 88. 888, 11
101, 0. 808, 11 1000080 111, 11 nuncio 811, 10
0110101001, 21 10ρο1110, 001000010108,11 0000111100200, 18
80111100ῦαὶ000 848, 48 reperio 021, 00 sanguis 00, 20. 101, 11.
quo 110287,18.308,19 repeto 808, 81 111, 8. 208, 18. 291, 20.
qu 000,1 'repono 800, 27 010, 11 ‚. ,
quod coniunctio 280, 80 reprehendo reprendo 10, 10. 00000 omnium 280, 11
quomo. oum 08, 10. 70, 1 sopor 810, 10
quondum 110, 20 repulus 021, 20 sapphicum metrum 201, 81
quoque 800, 28 1015010000 000, 21 00101110 282, 22. 000, 1
quotquod 00. 20 9⁶. 12. 101, in rem 011 101, 88 1110111101 111, 1. 101, 18
188,18.818,8.881,181811808oo,8 sartrix sertrix 1110101011
quotidie o. cotidie resono 808, 18 288, 80. 808, 88. 880, 18
quotiouo 88, 8. 287, 0. 808, respicio 120, 1 001-1110 111, 0
14 respondeo 108,1 0011150010, 10
quoouu 281, 10. 008, 02 1001101100 restio 888, 10 00110100 0111011100 201, 12.
restituo 007, 1 010, 10. 020, 7
R, 555, 5, ominum 5555. 1010101100]οω reticulo 101, 00110 001 118, 20. 810, 28
70, 0. geminatum 80, 8. 88· 88817 88181808,10
55 5, 155 5 212 4, 1011010011101100011170,0 0010111002, 10
801, 01. 00111 100011 ’pro- rhythmus 208, 21. 288, 7. 0001011001 0000111010 ucu-
nunfiatum in VOfflbU! 308, 30. 3³1, 17 binum 10, 6. flabellum
110, 11. 888, 11. 1011 8818084120 28118
55, 5, 15, 5ο, 108. 55, 11111 000, 11 000100 0001112800
10, 88, 15, 55, 5, 15, 5, 1110001, 0 10000 02, 0. 101, 10
188,8.1181p118810111800· robur robor rubor 118,18. 0011001010 210, 20
m 155, 1 287, 21. 008, 08 15010110 200, 21
mdjm102‚1,837,23, 555, 100 101, 10 0010 001000 010, 00. 001000
88 10000010000000280,0. 000, 000, 20. 0011110001, 22

10110 1001001110 000, 10 , 88 888, 87 scorpio ooorpiuo 100, 21.
rupino 888, 18. 818, 1 rostrum 177, 20 101, 1
npio 111, 11 1180011110 180, ¹³ 1111110110, 18
rapum 111, 1 moto ructor 00. 10 1011 10101010011101, 18
1010 011, 21 rudi! 888, 8 00101110 180, 12
10110 820, 1. 001,8 181818018888 0010510100 scrupulum 111,
re roo in compositis 11, 80. rumor 820, ³² 10. 101, 11
188, 18. 101, 88. 808, 1. rursum rusum 79, 0 1010101111, 10
100, 88. 10011. 111, 1o , 81511101, 8
1001100 000, 22 00 in 0000001110 108, 28.
, reeens 888, 8. 100, 88. 808, 8 118, 7. 231. 10. 084. 111, 10
22 8· 888, 88· &mmmm 0000 0001111110 280, 22. 810,0
recipio 122, 0. 000, 1 21,10. 12,10. 10,1;20. 00000110 uerbum 810, 01
10010010 200, 0. 207, 11 98, 1³· 100112. 200, 0. secuudum, 00001 100, 12.
recordor 808, 10 8981 88· ommam vel 200,7
10010 01 01010010001110 88888888 0888888, 88· 88, 00001110 011, 2. 012, 20
0110111110 000,8 88- 88, 8· 98, 88· 188, ¹4· 0011 sedum 18, 8. 70, 8.
1111001000 200,11.301,10.101,11. 111, 10. 818, 81
reditus 120,1 ³ 88 183, ¹⁰· 88188- 89, 00100 271, 80. 00010100 010,
11101101011110011 ⁸· 7318· 1811· 111101 11
101010 000, 10 888, 8· 888, 88 00111100 100, 10
101011011, 1. 270, 02 Sabaei 011, 11 0011010 188, 20

 

