INDEX RERVM ΕΤ 1611808111 · 569

; 300, 33. 163113311111113 13311131303,33 13931131139311313 377,13
313, 1. ivel' u in gene· inchoativo verbo 33, 18. inprecor 33, 13. 113, 3
tivo 1133111331 secundae 848, 3 inpubes 383, 13
declinationis 33, 1 31,133113313,13.333,31 1333333313,13
3.133,13,333,3·31.1331(19131,11 13193133 183, 3
, 333, 11. 331, 1. 313, 3. incipio 333, 31 1391111311811, 1
301, 31. 311, 13. 13 voco inclamo 333, 1. 337, 13 inquio 133, 1
tivo 113331111· secundae 1331313133,11393113331,13
declinationis 33, 3 331, 131313133311131317μ s ,333, 1313133 333, 3
301731.13133311,11 83 inscribo 1118161313.
acio compositum oum pros· incredibilis incredulus 313, inscriptus 481, 11
; positionibus 31, 33. 33, 33 1313131333
1313133311 13331131 313, 37 1311113183, 13
. 1331313 333, 33 incumbo 173, 31 13113311 111, 13
1313113831,11 1333331331, 13 131111318810
1331833331,11.133111131113 1333113 373, 1 13313313 331, 33
1 hexametrum 333 13. te- {nous incudis 113, 1 insipiens 113,1
1131331133 333, 31 1333131333 insisto 481, 13
iamdudum 88, 3 1339133331, 11 13111313111133373, 17
idom 111, 4. ’111, 11 · 1331913113,1.331,3ο 1331131131, 11
identidem 333, 33 indigeo 488, 1 131311133133, 13
1111313331, 13 1311131131 133, 1 insono 133, 11
idonens 137, 8. 3337 indignationes, 13 inspicio 111, 7
ieiunium 111331131333, 3 13113331133, 13 1111111118, 6 11811. 488,8
κ ignaros 133,3 1311333313,33 insto 183, 3
ignis 313,3 1311333133. 13 induco 331 instruo 1,11 11. 37313.
1333131313 3337 . 1113311733 331, 3. 481, 7
1333133 331, 11 , indulgeo 4¹18, 18 insuesco 333, 31
11111013614 1³ 1111311111311131 31, 8. 311, 11111ἔ111184111331633 integro,
{m 111111 adverbia 111, 1 111. 111, 1ο de 1311313 131, 11
immanis 333, 3 13133133331 111333313133111113191113
13133131313113131311131313, 1313313333, 1 · nox 373, 1. 333, 31
3. 333, 33 1331318113 intentus 188, 3
munigno 131, 3 inferior 1311331 3131313131 333, 31. 131, 33. 13
immonis 313, 31. 183, 31 488, 3. 333, 31 3339311111131, 13
mztitbtt³ 6616111611·94 82:1⁹8 ,11,
nm 13331 1 1 ,
impendeo 183, 33 131131131113, 4. 131, 3 intereo loci 482, 13
imperotor481, 33. impera· ingratus 484, 94 interest 373, 33
3133133313311,11 ingredior 488, 30 interficio 338, 31
innon 333, 31 inhio 173, 3 interiectio 313, 33. 311, 3
in 99 9 34 9 99 9 999 inhorreo 184, 6 836, 8, 881, 3. 131, 6
99 999, {g 999 g 999 iniuriamne. 331, 11 interior intimos 31313,
99 999 99 414 99 999’ 1313113113, 33 131333313313

99 484 831818 999ζ1111117133121,1“ι,216,11 99999999999999 99 304· ,
4. 131, 11,11. 13911. 1111111131 ²³ norvanum 101³. 33133
818,18. 313, 8. in 3331- 10οΠ00 1110οῐ00 300, 30 133131333331, 3
,31131133313311 1111041830 1333131311’3.11ο,1
3ο1,3.331,11.1331131 10000 011 ²⁰ introeo 488, 14 '

, 1311131181, 33 13313131 10010000 ¹¹⁸ ²4 13131313731. 333, 17
13313133331331181,10030400 3 1333113313, 1
1313311333.1111111το0111 in ibam et mvenio nei, so
,1131113313111331 isosm 31 ³ invideo 3311. 1113 13
183,38,131313931,13 1391393313111113137,13 invidus invidiosus 3313.
1113,3313183 33.13311-13311113181,3 373, 33. 331, 3
bers 133, 13 inpingo 373, 33, 331, 3 1333113181, 11

inmutassem 1113111311 1 113, 11 invoco 131, i. 311, 11, oso,

inberbun inberbis 313, 33 inplexos 484, 33 11

13313133313133, 1 inpono 311 8. 33313, 133, involo 333, 13

,1333313113333 333, 13 33 13113113 virosos, 1

3331331131 mnu m. 81

 

