660 11111 scelerosus

L. Seuere 1861133311111 Sirsnns ln commentario Poenuli 71111,
1061 1111640,10 1161116111 71681,6
Hero. 1111. 611 71 404, 6616 in Rudente Vl 881, 8
Higeolyt. 710 11666, 7 80111181 1111 486, 16
810 1811, 68. 611, 80 Solinus' in collectaneis rel oly histum
Serenus 1 676, 666. 611, 18. 818, 10. 1, 61 1166, 6. 686, 16. 1688, 16
111,1*,1.111,11·’11.111,1;1.1111111111111111 lusis, 11
Septimius 8111111 7168 w. 6646. 66, 6 11610, 11
77 666 86168861(1166)161 66,8 II 8813.
66.166,16.166, 666.167,68.168,161,6
6.141,11.886,1601.884,1016.886,1116111161111111 88, 8 11111, 11

1661. 466, 6666. 666, 8. 666, 60 sop 1111611 11110111 111 466, 16
1113111111111,1111111111111,11ἓ111111111111,1.1111,11.11111

o hoolss Medos 1111 400, 11

8111111111 111, 11 Aram (1) 111 111, 11. 111, 11
Servius 11 106, 1. 646, 6. 1111 41111.111111111111111,11

71616, 60 iv Φιλοκτήτῃ τῷ lv Τροίᾳ 111 684,6

centimetrorum libri Vll 668, 61 Aiso. 1 118061

in commento quod scribit in Donatum Antigon. 1011 sqq. Dimi. 111 186, 1

118,18 Electr. 410 111 106, 10

in o8mmsnlo Vergilii uses, 14 Oedip. Col. 60011010161

8117113. Aen. 166 11686, 66 Oedip. tyr. 1666 111616,

1111111111111Δ1111611111411616 Sophron 115888, 6

66 811611111011.711111111101,

in commentario tertii 1161171131 ’111111 6888116, 6

Aen 111 860 11111, 14 Stuberius de proportione ll 886,1

116111117Π688 11 660, 66 Statilius Maximus l 188, 4. 606, 11.

8601013.1111418 11 661166 666, 66. 609, 4. 616, 16. 616, 16. 614,
Sesquiuuluso. Caesar 11. 616, 66. 611, 8, 8, 14. 618, 08.
Seres-nso. Cessius 610, 61, 66. 660, 18. 646, 1. de singu
Severus, Cornelius 180, 1. 81, 10. 80,1. leri8us opud Ci8erunem positis 1184,

100, 64. 106, 16. 107, 66. 687, 46. 11. 618, 6

1111.7101,1;11.110,1;11.11 Statius 1111467 66. 466, 16. 711111.

660, 186. Vll 661, 8 666, 66. 660, 16

in 7111 de stetu suo l 816, 6611 Achilleidos

m,u ,11 mmumw

rerum 6111111111 libro 1 1111608, 16 101 eq. 11111, 18
Severus, Sulpicius V 611, 8, 18. 680, 61. 181 Il 444, 16. V 4881

111, 1. 111, 11. 111, s, 11 111 111111
8111111117806, 11 886 eq. 11840,8(1. odd.)
Sidonius Apollinaris V 616, 16. 611, 4; 816 sq. Π 618, 8

111111.111,1,11.111,11.111, 11111 111111

11. 111, 11 111 v 111, 11
Simonides 111 468, 4,11. 711610. 68, 846 7188, 68

11.11,10.116,1.111,11.116,10.1011111111111 111 10, 66

601, 4. Vll 48, l. 866, 6. 648, 8 Thebaidos

11616 ’.4111111111 1111113111 11468 6 0 1646 V 486, 68
81111110111117110,1.711684,66 668 741816
81111181107,14. 166,]0. 16866. 606, 666 11674,16

11.111,1;1.111111. 1411. 111 636 11167, 66 .

1111 111 11 111, 11

soriptor historiarum 1111 611, 68 416 eq. 11111, 16

1111111 111, 11 111 1111 111, 11

11 111111111111111111,1 606 71661, 11*

Milesiarum libro xl1111s4,4; 8. 198, 606 sq. lll 60, 18

1;1;11.111,11.111,1. 111, 111. 111 sqq. 11111, 11

111,). 111, 1. 111, 14 (1. 111.) 111 sq. 11 111, 1

in Amphitrione V1881,8 ll 86 11818, 14. 666, 18
. in Aulularia Vl 881,8 608 sq. ll 1610

iu Captivis V1881,8 646 sq. 111647,8

 

