066 INDEX 999914 ΕΤ 0000011710

1188011111 0110108110 088, 7. 076, 0. 8101001700
1111094, 8. 884, 1 8118130478, 10 excipio 478, 1
1118111181 870, 86. 848, eminus 887, 10. 898, 88. 81111110 889, 8. 807, 18
1.ω8 mmo mmmm1
0111111111 478, 10 810180 8110180809, 88

mmnmmmmfflmfflb ummw,w.2w.ss.
mmmomamowu m‚w

377, 37 373, 34, 334, ’33, 1111710111 8113011011 871, 80. 8111110 0110110 471, 88
987, 8 989, 9ο 331, 4 000, 77 . 818831118181171111111109, 18
337, 7, 34 333, 3, ’33, emungo 478, 88 81881810109, 18
m'434.mloomw emm,n
mmmmm4wmwssm⁹mwwmw⁹ffl
8801 79, 8’7 8. 70, 97 0001707111 19 17. 899, 80. exequens 118
mwnwfflsomfflmffl2'9 ffl.1

73 73’3, 3, 77’, 33 109, 811111 0111101111 8111111111 exerceo 894, 8. 471, 19.
77, 733, 7’3, 733, 7, 5’ 89111 81811111818101111111116
19‚mo,umffiommon 7.8Η.8Η

7, ’77, 777, 3, 777, 73, 8001011188, 11. 481, 88 8181111111 110111111’804,9
773, 73, 73’, 33 773, 37, 80 adverbium 188, 18 exiguus 333, 77
mmmmmwbwmmw wmufflmffle
733, 3, 333, 37, 333, 3, 8311711113118848, 88 808, 88. 800, 88
0101710711. 111, 1. 1001100107 19 eximius 001, 1'4

337, 3 333’, 33, 333, 33 ergo 889, 0. 899, 10 exlex 848, 8’8

337, 74 3371, 74 333’, 33, ergo 88, 8. 880, ’17. 811,1. 81018100 118, 94 exoletus

001, 99. 000, 10. 000, 9. 070, 0 004, 18
3313 37, ’73 33, ’77 8117110871, 88. 880, 17 81011101478, 18

11818. 8110088014. 111111101811811011181181111 1111001471 0
373, 7, 333, 7, 333’, 3, 37737· erratio 871, 88 expecto 8187180110 8014.
· 18. 908, 1. 000,. 88 088, 8 00, 0 07, 6 110. 00 100,
emm’mm mmm‚w ummnmew
8111111111, 14 011111810010 17 10. 007, 10
811810 184, 88 erumpo 470, 14 expedio 471,
8017081110 114, 18 81681180001101 118, 89. expello 470, 9
ecquid 901, 18 ’ 841, 8 81311311101117111180111893,
edo 407, 6, 3333 10014 06001100 410, 10 00 8708111118 001,18
3113777713’ 479, 8 81101111 1801111110 460, 88. experior 8171811111 801, 18.
mmm‚'m 4n‚w &emm
egeo 00, 11. 871, 9³. 460, 070711 808, 10 0108147018

74 8148817 81710130 478, 8
33773377 377, 33 413, 37 0111111010 78, 19 experto 181, 88. 884, 81
83183118470, 16 etymologia 818, 01 99e,19
eho 199,11; 14 eu interiectio 108, 18 8130111110 478, 19 · ·
811113101013118889, 84. 8887 evodo 460, 81 exprobro 100,10, 878, 0.

ωψωήἋώΕωωΜθ mmo

87. 77, 1 evenit 118, 88. 884, 80. 470, 0120112’40 334, 73
810110111ώο006, 10 ²5 8180110 000, ’88
8183108 478, 88 0700010113 004 71 190 81101100 117, 711818
8183110111 01111180,818311 10 170, 0 8181111710 904, 11

18,1 ΜΜΜ.8 mmm‚u
mmmm‚n.aemwmmM2;8 ommmmo,m;w
8183180118818311881109, 10 Eurypylus 001, 9 8117181848,18788
81810119, 88 oue 111118 nomino 311811 111311018810
elicio 471’, 14 080, 84 “ 81111110 117,11. 870,10.
Qmmm1 umwmoaewu w,o
1111131111 8111381111 889, 7 0. 8688 8808 417,10.’ 81180808, 4
810318181810170111188918 11 1011301111008, 4. ’181, 81181111 extraneos 81118
eloquor 184191784.81.109,14.111,11.808,1111188117

004, 81 14. 000, 80. 001, 0, 14. 0110111101 ’470, 91
eluxit 181, 93 80 80, 14 810030011111130 180, 88
em 114, 18 exero 478,4 11101111 8018. 478, ’0
emeno 878, 1 1118110 471, 7 extrinsecus 94, 8

 

