0

062 INDEX RERVM ΕΤ 1811808811

09001100101101,14 cupium 0001ρί11111 mou· 1101111110 mm„ 174. 10
19110101 aquaem 0900101 pm 07, 0. 70, 12 baptimus 200, 11. 208, 7
120, 1. 164, 11¹ 0110101408, 21 · 1107010001 208, 18
aquilus 100, 1 1101011111111, 1 1110110011. 111, 10
111109,3.211,1. 1191011 andum, 11. 1111111111, babuimus, buborolexin,
mnes mmm 000, 91 10.011001101100,10.204, 1101οω100080 001, 14;
“bor “bum 113, 14,, 964, 10. 280, 1. 812, 8 18. 028, 18 .
17¹ 999 99 audeo 202, 18. 408, 4 1101000010οΜ 170, 4
„moggum 113. ῃ, 0101100001οω107,0 bargen· 0009100 100, 0.

10. 101,1. 111, 10. 101, 010110 4114 171. ⁶

11, 994, 19, 999, 9 0701111118,20.180,18.204, bugu! ἀφυής 110, 4
4111110011111 metrum 332, 10.000,10.001,10 bum 111911 1100

99 01011000081119110000,1ςο bailia 80101110 202, 8
ἄρχομαι 282² 21 8781807 406, 24 bui! 0811111 17, 0
arcun arcubus 00, 4. 100, 810110 449111 0011011181,14
1. 151, 16. 999, 12 0111010 200, 10. 000, 17 buu· 9117100107, 0
ardeo 949, 10 0110111 400, 0 0000101001ή91ω 107, 0
argumentum 110, 10 mm 4⁶8. 1 01001101 110, 0
arguo 119, 9, 991 99 0010 202, 0. 287, 20 battuatores 0000010100 170,
ηιμ 19 9 ’ 00100 207, 24 7
armaria& armamentarium 11010101, 11 1111111 mame 101, 10
999 1. 999 94 0011011ιί0010 200, 1 0001111200, 20. 020, 4
0,.,0 999, 11 auricula 11, 01 01011100, 4. 000, 1
am 999, 10 aurifex 10, 12 bellaria τὰ τραγήματα 170,

ΨΜ ²⁶² ¹⁰ ’ 8ω111η1108’6’ Μ’ τ’11111110010111110111 ro
ffiffifff 119, 111111’111os,4. 111,11 100,11’ ’ ⁸⁹
1111111 100, 0 00141818 heum 200, 0

artifex 199, 9 0000011101 0010010001 202, belzebub 200, 4 200, 7

1100901111 100, 0 32 , 01111001 ,
artu. artubus 94, 99, 99, ³. avunculus 100, 0. 207, 4 00018001 0011110101 70, 10.

108 9, 150 99, 995 19 0700 avit 12, 21. 180,18 288, 14. 408, 20
md, 11⁸2 1¹3 ³ auxilium 000, 00 beo 000,οο
1011111110 · 1111101,10.11111111100,0 0101010100
aruspex 11991, 19, 9 011901 01, 11 11111110, 0. 000, 4
u marius ⁶263, 29 1100 bem 111, l. 298, 12
aspergo 0090190 70, 7 B 004, 10 b 01111110. b 808011118169111· 0018·
11911111 001, 0. 101, 10 11 p 14, 0. 110, 1. 100, ,000310 14
01001111 000, 11 1. 001, 00. 000, 0. 000, 8101100143. ³1
00111010 122, 7. 020, 11 28. 010, 28180. 11017 101 bibo 408, 18. bibere biber
asporto 200, 17 sqq. 200, 10. 272, 10. 100, 10
assiduus adsiduus 100, 0 277, 22. 204, 0. 207, 01 bidens 020, 00
1119111 000, 0 10. 000, 1; 1ος 01. 000, bidental 000, 01
asteriacus 00417. 0010001110 20. 004, 10. 000, 7100. 01300019010010. 20021

000, 1 010, 00. 011, 00. 0101,οο 0111111000, 0. 000, 10
111111 11110 0001 baca 1011111101, 10 111111112401104111,1
00 11, 0. 02, 10. 00, 20. 0111101001 001ὥο110000

104,10.200,10.001,17 8010010111 14,8 'm 1811 .
111111111114,1 0010110 8001109 101, 10 0001100 08, 11
atque 104, 17 balatus 0199901169 107, 10 bonu! 000, 20
atqui 00, 0 001001001000170,4.100,0. bos 80111 177, 10
atramentarium 100, 0 100, 12. 011, 00 gaium 042, 28. 041, 0
001000 trisyllabum 000, 20 1101000200, 10. 00101100 1000010810
Atrine 044, 10 ballaena 170, 1. 011, 04 010001000010011000, 10
01100400, 24 ballista ballistra 170, 1. 8100001017οΛ
0110901100 100, 0 011, 00 brevi! 020, 17
attendo 400, 20 1101110001 balineum 00111000 1100191107. 21, 0. 07,
attonitus 100, 18 , 100, 1. 000, 10 0. 01, 0. 01, 0. 10, 14.
00 praepositio 00, 0 balteum 200, 20 110, 7. 100, 24. 108, 22.
amun 297, 10 bumbulo 1101100οή9 101, 12. 208, 10
auceps 107, 2. 100, 0. 011- 174, 10 0101101100 0010. 2000

 

