912 moox 11111111 vno-nom

999119999191919 891, 4 10. 909, 89. 991 in 9911- ora 119, 19
generalla 899, 9 9991111104, 10. 800, 7 919119194,90. 914, 8. 991
homonyma 998, 8. 919, 14 obaudiam 809, 9 8. 917, 19
9111199119 999, 9 9999 99919199 180, 10 91919 189, 11
9919919111 similimum. 9991119499, 11 91999 499, 18
a 9911191919 figurula 9991919891. cum 9911919 ordinatio 91191919 oralionus
881, 1 989, 8. oum 999188 999,0 88, 14
99119991999899, 8. 941, obeo 491, 4 ordino 811, 19
91 obiter ami 19911, 191, 9 ordior 191, 11. 191, 19
possessiva 999, 1 9919199 910, 8 organum 181, 4
9199119990,1.940, 11 9911119991 91, 11. 109, 1. 9999919919 1991
apoc 11 897, 19 181, 19. 499, 19 99999999911-9111919 181, 11
999919119 8999 obloquor 114,18. 118, 9. 9119174, 18. 91199 491,8
synonyma 998, 9. 919, 19 801,19 919 4994
99199119 898, 9 9999199 909, 9 orthographia 199, 19. 111,
19999991494, 14 9991199900, 9. 499, 8 91. 6999999919 et 11999
nomenculator 119, 19 99919919 100, 19. 111, 0. laem 9919. 99, 9. 11.
nomino 919, 19 990, 91 9. 11, 11, 11. 149, 4
nongenti 104, 1. 181, 19 99191999191919191, 9 991911999911999111999198.
999991999919981, 9 obscurus 17, 9 ” 90
· notae nominum el numa· 99999991111,11 99 oria 911, 4. 19 919 499.
19199118, 11. 98, 9. 101, obsolevit 104, 19. 909, ’9 10. 99 919 499, 11
8. 9911191919119911119199- 9911949910 uolentum 910, Ι10
99919, 4. 91, 9. noluo 99191191191,9,911,11 991199991191191110,11.191,
9191919911991991 998, 1. 99119919 499, 80 17
988, 18 9919119 499, 19 9119999 491, 7
nolo 919, 11 9999999 809, 8
novi 181, 19. 809, 19 99999991919944,19 Ρ 191, 10. additum „1
90119919199928, 17 occido 523, 31 ⁵ ominum 91, 1, 27 3,
novo 911,1 9999119 981, 9 191, 17. 809, 8, gemin.
1191,19 noctem 484, 18 ocimum 9911999 191, 19 tum 991, 3, ,119, 1, p ,1
1191990119 911, 91 0999991988 b14 3, 115 9, 153 4
nubes nubis nub· (1) 199, 911191, 11. 191, 11. odil 231, ’11. aon: 1. aon. ’19.
1⁰· 181, 11 ²³⁶, 18 119, 19,· 99. 99111111
1199974,1.109,14.119,1. 99 91 9 199, 14. 119, 4. pabulam 531, 17
1911199119. 191, 11 199, 1. 199, a, 19. 991, paciscor 1111
911119948919 1. 909, 99 pacm 15, 12

119 99999181, 12 01199101 9891 99991199901,19.9991111991
11 118881,1.909,19. 53119 offendo 495, ll 408, 18

num 410, 11 9191199911, 1111991199 παίζει, „alpem 51, 9

numeri -nominum 911, ⁴- olea oleum olivano, a. 191, alamon, 19. 911, 19
1811101911 346, ²5 19. 809, 4 1919199999 918, 4
numerorum noue apud olim 119, 19 1111919911
(1111008131 ⁴¹. 5²2⁶ Olympus 9919 1111999111
919919911101, 18 9911111919 palea 111, 11
111111ῗῖ0119 24 ὄμματα inuata 91, 10 ’ 99191999911919110, 18
mim· 495, 1¹ omnes 990, 11 palpebrae 991991199110, 10
ὁμοίως 184, 4 palpo 9111991188, 19
O 981, 19. 9 919 91, 19. onus 181, 11. 919, 1 palumbus, palumbi 91 pa-
99, 11. 14919. 9919 9911191119 lumbos 118, 11. 191, 8.
19, 11. 199, 11. 191, 4. opinio 911, 91 199, 1919911
107,19. 100,Ιο 144,19. 9919 99919 999 894, 10 pandecten 808, 19
199, 1. 101, 4. 114, 9. opportunus 499, 14 pannus panicula 189, 10
184,11.189,19.900,11. oppugno 919, 19 1191919999 181, 4
9 graecum pro 99 91 ω optimu· 99191999 14, 19. 9919001
491091911999191919 19, 10. 190, 14. 9919· 1999991ἡ188,14*
140, 8. 411, 14. 91111119 1119191181,19 parasceue 909, 17
99911911 graeca 940, 19 opto 499, 10 911199 901, 18. 901, 19, 9111
9 interiectio 999, 18 999199199499, 19. 919, 4 19991191 111, 9
99 19 compositio 04, 9. 191, opus 499, 19. 9991991499, 99991919 189, 14
11. 1911919111. 199, 1. 911, 19 paropsides 199, 11

 

