558 INDEX EXEMPLORVM CICERONIS 1111711111111111911 VERGILII

Vergilius AemV 499 491, 99 Vergilius 4111111 179 999, 97
499 479, 9 999 497, 19
491 491, 99 919 499, 19
499 474, 9 999 479, 94 499, 10
499 911, 99 999 999, 99
949 494, 19. 999 471, 99
979 499, 17 994 911, 9
994 997, 9 919 991, 9
999 919, 9 , 999 471, 99
999 999, 99 999 491, 19
919 499, 9 419 919, 19
979 991, 1 499 919, 14
997 499, 7 449 471, 99
999 499, 99 491 499, 19
999 997, 91 κ 499 499, 7
719 999, 11 991 997, 14
719 499, 97 914 919, 9

919, 19 999 149, 9
999, 99 999 499, 19
416, 111 999 491, 99
499, 11 919 999, 19
461, 16 999 449, 19
999, 9 949 499, 9. 479, 17
411, 16 999 479, 14
479, 9 799 477, 19
411, 20 799 499, 7
41611 “ 779 499, 17
999, 99 779 999, 9*
919, 99 799 499, 91

111, 11 7111111 111, 11
111, 11 111 111, 11
111, 11 111 111, 11
111, 11 111 1111
111, 11 111 1111
111, 11 111 111, 11
111, 11 111 111, 11
111, 11 111 111, 11
111, 11 · 111 111, 11
-111, 11 111 111, 11
111, 11 · 111 1111
1111 111 111, 11
111, 11· ; 111 111, 11
111,1 111 1111
111, 11 111 111, 11
111, 1111111 111 111, 11
1111 111 111, 11
1111 111 111, 11
111, 11 111 111, 11
111, 11 111 111, 11
1111 111 111, 11. 111, 11
111, 11 111 1111
111, 11 111 111, 11
111, 11 111 111,1
111, 11 111 111, 11
111, 11 199 99919
411, 11 979 491199
111, 11 111 111, 11
161, 30 111 111, 11
1116 111 111, 11

111, 11 1111 111, 11
111, 1ο 11 1111

 

