568 INDEX 999991 ET 999909911

gelu 110, 9 11211. 94, 19. 92, 9. 99, hirq1191111199,19. 04321
33011007 47,7 1 14. 31, 3. 93, 2. 107, 12. hirundo 63701160 122, 16
gemo 476, 20 109, 2. 110, 6. 114,17. 61400303, 21
Ι3000104οι 627, 8 122, 18. 162, 3, 230, 29. hiulcus 207, 23
genetivus 342’, 10. 41030- 247, 20. 274, 17, 22. 293, holocaustoma 274, 21
111140111100410411110110014 13, 297, 3. 299, 20. 303, homonymi1999,14
inni 10,.1 2410. 41, 12, 14. 000, 4. 111, 21. honestus 119,1 ,
20.144,’27. 166, 10. 00- 686, 6. 366, 11. 633, 6. 60001· 623, 26
404604 declinationis 1111 6411 11, ’6. 13, 3. 23, 6010 113, 16
311122, 4. 67, 6. 106, 16. 17. 63, 6. 61, 6. 416703·’ 60163010’ 11, 6. 23, 19. 91
206, 3· 21 26611. 261, cumpro 40016062, 3 11. hordea 273, ’13
1. 273, 6. 304, 21. 641, 3433333333, 3, 33, 43 33, 601100 621, 11. 6011411614
16.,110106414160460011· 11 120, 22. 274, 12
00010011 111 ium 111, 7· 343334 333, 14. 333, 19 60110411 6017411012 79, 2
10. 290, 10. 292, 11. habenae 1’18, 29. 33’4, 43 6011401477 23
3411141414 1 habeo 411, 21. 424, 19 hortus 0019
,41112226 421, 10 111044 411, 4 1414011010214, 12
301104 122, 26. 470, 24, ge· 6061104114,17 604110 632, 13 .
0412 nominum 391, 6. haedus 11, ’4 33, 3 91,12 1410114477, 16
1114141044, 3 3433334191, 19 600 473,1
3010114476, 22 141334 33, ’13 6111111467, 31
3011001104 621, 1 1131347113 humilis humiliatus 274, 26
gestio 602, 31 hamus 33333331, 43 314, 33 6311011303, 10
099011990999009016011311111002014 6100100ωῶ999, 19
1101 1111200,1’.201,1’·91291099ἰ venus 2⁶42 ⁶
git 27’4, 7. 902, 23 hum 99 4 91⁹, 10 314, hyphen 331, 0. 379, 10
‚31:1491'929, 3 17 hypocrita 303, 21

gladius 101, 14 hariolus 11, 6. 13, 10

360610103100614010396,13 haud 463, 20 303, 3. 640 1109111 91001190114419 43,

gloria 629, 26 334 8. 226, 16. 361,11. 332,

0196409 ’41909994 410100 11164214,11.1ο1,11 19. 010, 19. ,1444111
302, 32. 623, 10 6460400 6094010240 27419. 1111114 14110006 inversi·

3101160111 3106011 110, 3. 631, 24 bus 243, 29. 0311060621

- 2746 heiulo 200, 13 11110100 261,14. 1001100-
. 10110031011110110, 4 hem 114,14 3433 geminata 54, 13,

0077038614 60061641611114114 9494 99, 13. 72, 4. 206, 9
300700 163, 9. 662, 30 60763000 274, 24. 306, 14 223, ,3, 33. 323, 10. 636,
300101208,9.302,26.627,24 herbidus 64160104 123, 6, 34 16333113 exilis vel

300104 208,9. 302, 26, 30. 274, 16 pinguis 43,16.64,16.
41111104 hercule 601410 163,3. 169, 33, 1 13, 13 i l’onga

811204 30610 103 7. 274,1 1331210 33, 1, 33, ι, 134303,
0110026263, 16 Heme 261, 24. 363, ’20’ 03133063364313 coniunc-
0009990 9749 6010140111 16411410116010- 1110 041 futuro 116, 11
3709103993’371 ²14, 15 1114101 410 73, 2, 3. 76, 3, 13.
⁸21 9· 979, 3 939 l heu 122, 13. 999, 7 77, 12. 33, 3, 9. 94, 13.
00990109901 heus 12214 100, 4, 11, 20. 100, 11.
3440010 0²⁵, 9 111111111411114411110010110. 100, 1, 0. 101,
3100041941 209, 99 24. hermeus 042 10. 010, 2.100,14.100,0,1,11. t
3121611316310110014010 13 111, 6. 11416. 116, 10,
476,16’. gratiam 10010 hibernus 130, 10 15, 23. 118, 27. 122, 13.
476, 10 hic 274, 26. 623, 7. 6010 12410143101410.
31066001476, 12 disyllabum 249, 36. 6014 263, 31. 236, 3. 270, 6,
gratis 31010110 110,· 0 pro 6010 73, 3. ’614 61440 7, 20, 23. 273, 2. 237, 6.
gratulor 120, 1. 100, 2 huiusce 140, 9. 201, 4. 200, 12. 200, 29. 211, 14.
3941149 476, 4 303, 6 236, 14. 300, 22. 301, 22.
gravis 476’ 21 6101114 21 6. 27, 4. 161, 17. 302, 10. 306, 9. 14141
gremium 123, 24. 274, 3, 303, 6 16, 23. 32, 21. 66, 27.
302, 23 6110710 6110700946. 274, 11 77,1.101024,13.43,
313064464316 611101401116, 14 19’ 67, 3. 63, 3. 7112.
0010106,17’.273,33 1117400133 6019. 63,3, 77, 6. 37, 14. 160, 10.
gutta 421, 10 91,12 140, 10. 1 41321011.

 

