070 ’ 100110001001100001101

. potis 441 101, 24. 001000 privign14121,11.201,14 pulcher 241, 4. 00, 10. 10.
000, 11 0111100000, 4 0. pulcherrumus 100, 10
. 0010 004, 10. 000, 00 pto 22, 8. 101, 0. 222, 2. 00110180, 10
0100 307, 04. 004, 0 410, 00. 001, 07. 10 0001- pulmentum 000, 10. 001,
01000011οο00, 04 0001110 104, 1. 000, 0. 04
praecox 00, 4 007, 01 10 00111001 pulvinum 007, 11
praeda 000, 10. 010, 4 probo 101, 1. 100, 11. ooo, 0010000101, 1
0100110 01001101 000,0 00 001110 pulver 111, 4. 100.
010000 004, 0 0100011110 000, 00 11
0100100100 403,1 proclamo 000, 4. 007, 10 0001011110
01001010400,0 010001 100, 0. 000, 1 000 10000, 00
0100 000 001,0 procuro 000, 10 p ’100 000, 17
0100 01οο 000, 10 prodigium 000, 00 0010000 00100110111, 4
praemineo 000, 0 prodigus 070, 00 001000 101, 10
praemium 114, 01 prodo 417, 1 0010 000, 00
0100001000 000, 7. 040, 11 proelium 007, 07 05501500 040, 00
01000010 007, 10 01001001003, 10 0551100100 000, 0
0100οο110 000, 10 progredior 000, 00 pyrricha 004, 11
0100000100 010, 00. 001,00. proiectus 000, 04 0111011100 004, 0
410, 0. 100οο010000 010010011000101100010,1ος Em 14, 0. Pyrrhus,
0010 0111011110 040, 07. 01 Achillis 111100 034, 0
40010. oum uomiuibuu 0101110100 000, 10 pythium 01011010 242, 24.
0111101100 00, 00. 000, pronomen 010, 10. 040, 0. 041,0
10. 100001 0150110001οο 401,0 Pytho 011,0
01, o. 04, 0. 001, 10. 11 pronuntiatio 222, 14
compositione 01010100 00, propo 001, 10 555, 55, 50, 55, 55, 4, 55,
17. 00, 0. 101, 7 0100010000, 10. 007, 0 5, 55, 55, 55, 55, 55, 19,
1111111011 14, 1 111, 16 1111111116 666. 16 1010. 10, 0. 10,1ο. 11.
praesagus 000, 10 propono 000, 10 · 0, 05 0, 55, 5, 05, 55,
praesens 001, 10. 100100- 0100100001, 11. 014, 00 155, 05, 144 ῃ, 149, 1,
00110,10 0100000110407,0 0100101000, 0 555, 5, msa, 555, 1⁴3.
praesideo 168, 11 proruo 161, 16 1001010510 10. 000,
praesidium 616, 01 0111111111 164. ⁷ 21. 001, 1. 000, 22. 000,
0100010 adverbium 107, 00. prosequor 122. 00 · 1⁷. 05505, soma, ³04,
166, 11111, 18 1111111111 18116 00. 000010. 010, 10.
0100000600 418, 28 protenus 11111111 166, 6· 000, 1000011000, 14.
praestolor 0100010101 107, 399, 39 0000
00. 000, 1090011499, 11101011οτ ²9². 9· ³11, ⁴· 00001010 amphora 111, 5
15 100100011100 000, 00 55555855 5555505 555, 21
0100101004, 2. 400, 11 promul 498, 1⁶ quadrimus 000, 0
praeterea 122, 0 0101001161. 1 quadro 101,1
praetorius 1611 pm14,pmnum111‚2 quaero 110, 10. 001, 12.
praeut 000, 01 00 buo 14, 7. 01, 0. 07, 122,12.
01001011101000,0. 001), 00 0. 01, 10. 01, 01. 04, 0. (1555055555, 555, 5
pl'mffl pram! 160, 15. 301, ⁷8, 1⁴. 115, ι1. 106, 22. qumqugm (1118on 95,
00 152,22.1uo, 1. 000, 10. 5, 050, 5, 555, 55, 555,
pratum 100, 0 110118. 007, 14 4, 555, 05

01000100, 10. 110,1. 004, psallo 000, 01 quondo 111, 0. 001, 0
24. 000, 01 00000105110 000, 10 (5000100 100, 0. 000, 11.
prehendo prendo 103, 0. pubes 055, 5, 05555555. 007, 10. 000, 1ος 00
100, 10. 000, 13. 011, 00 50515 00010 000, 00. 010,0

1119100 ⁷⁶1⁹ 10011101οΡ0011001014, 0 0111111111 11111111111 1⁰⁰2 9·
01011010 110, 1 publicu, pobliffl 153, 2 111, 0. 007, 0. 000, 10.

· 111111111‘111112 15515111111111 ,11110

011010 0011010 100, 01 queo nequeo 1010010104, 21

princeps 14, 1. 21, 2 1000000101οο, ⁶ querela 11, 2. oo, 0. 100,

01001 primus 100, 11. 114, 110111111111011111111,10 01010. 000, 10. queri-
11 210, 12. 000, 10 111, 16 moni4122, u

01110100 004, 00 pu81¹⁸³31‚ ³ queror 007, 0; 10. 000, 10.

privilegium 111‚·2 pugno 000, 1. 010, 10 004, 10

111011ὀὶιὶ

 

