5

1441111 4441414444 410

8411441144 14 Iugurtha 5511551155· 111 Iugurtha

8
4
8
0

7
10
11

12
14

17
18
18

20
22
28
20
27
28
80
81

88
80
87
88
88
40
41
48

711 470, 18 84 1111181280,1.1111042,27. 711
1111184127. 711818,21 400, 10
11140,18 88 1112121, 19. 800, 1. 808, 21. ,
1441, 4. 444, 41. 444, 44. 711 444, 441444, 441·
vn 155, 4. 444 4 41 11144414
411441 211 88 11181010
111480182 88 1100112.11 147,8 81111
11101118.111812,21.711 208112.042,141
444144 44 1711414144
11201,17 88 11182810
11120, 28. 1111 280, 4. 711 07 7114121 12
000,8 100 1188, 8. 88, 18
11107, 281111248, 18711 101 11 880, 18. 711481, 25
478, 18, 20 104 7114701111
1410, 81111 282, 9. 711 100 1111 148, 17. 772, 7
488, 17. 811, 111 108 11888114
71280118.470,118.711170110 11 107, 0*.828, 18
14444418 114 1888, 24. 72108, 0
711414, 281400, 18 0441444411411481141144114 14411, 0
1118811111 8414114414 Marcius 1 202, 2. 1111· 11144144-
11188414.711488,41144141241228,18
71148818 ’ 8111111111 188, 1812 711 20, 7
7114444 Sappho 1 441, 44 1144, 44 411, 44
14801 18 Scaevola 1 1011, 7. 78115, 24
71148218. 480, 1 84444444141144444114 1111 881, 17
188812. 84818. 1111482, Scaurus, ,4441111114
21. 742, 218. 107, 1. 1701 444144 0114141444 Caepionem 4411144411
21. 7Π1288,10. 400,10. 1147, 10, 12 ’
481, 20. 408, 20 44111441 8411111144 844444411444114111114114
1111515 V11155 8 1128, 11. 210, 8( 14.(17141)
7Π 400, 22 (1441144414 11877,12
711,4 408, 5⁸. 802, 11 114 4114 4114 1441141 140, 88. 814, 14.
11171110 844441494441444114441200, 14. 800,10;
7114818,1 27. 818, 14. 820, 14. 408, 20. 4211, 10.
7114118120. 800, 2 444, 281448, 201 400, 271. 084,88. 11
Π1180,120*. 7 08,18.288, 847111. 11111480, 81888, 0. 882, 82.
· 82. 711401, 14 880, 18181120. 801, 5‘. 002, 1. 71
711 141, 44 444 4
111048 14 41414 grammatica 1 188, 1
111 377, 8. 711488, 28. 417, 44114 grammaticae libri· 1’ 188, 10
82 Quintus Terentius Scaurus 14 commen·
111 821, 8. 711 402, 8. 402144114144144144441144411184411 1202,
711 404, 28 14 7444111414 71 501. 2
711 400, 2 441141441144 incerti 4441414444
1112880 4441414444 artium 4. incerti scriptores

11111444 qui (14 111444 4444444441 8. incerti
711 408, 24 scriptore·

711400120. 488, 28. 807, 24 8411011447 878, 20. 711 28118117.
1878, 14. 111827, 28. 71 248, 14ς27. 244,11 248, 11. 2481, 28.
202110.711470,18* 2821 10. 208, 28. 284,10.1110011111110

1111888120 48811811 7111282, 241 503 80
1870118. VII 808, 8 8411441444 metricus 1111428, 1

. 711802110 844444 4441444444144444 11 84, 21. 111

180,1.8 1111180, 28. 711 410, 0

8018,18.488,114 L 8814002 II 888, 14. 71 888, 2180
711481122. 408, 28 114 41114114 1 800, 14

111 00, 18 14 dialogo 114 41144441104441810, 10
71141210 413444.80811288,8

40“Ι .

 

