510 mmlx RERVM ΕΤ vlmssouvu

14441 144441 870, 8 1411444114 lacunaris 100, 10 1444441444414 80, 8. 884.
1414118,0.14144870,18. 1444441181,18 88. 081,8
804, 8. 408, 8 1414414441 18, 14 loquor 1444114 71418. 184.
iniracundia 804, 0. 1144 1414141488, 88 18. 878, 8. 804, 18ς 88.
4014414881 largitu largitio 188, 80. 8888
11414111444411114878,8.080, 878, 1. 804, 18 1444114 878, 17
ι 11 141441480, 18. 14134 141· 14411141 083, 80
111114 488, 8 41141877, 80. 411, 87 14441 088, 84
¹ni: 11614ῗῶ44084, 'im ὅ 1514 ι141114 ,188, 81 ἓέλιξΒ 141110348οἑ 88. ludos fucere
4 414144 . 41 4441141414 ,
888, 2. 880, 80. iu’vcl 144444 8417 ’ 14010441140104411877,84.
eu 04114 800, 81. 888, 80 latere 180. 80. 811, 88 480, 11. 480, 88
1418 118, 0, 083, 1 latinitas 888, 81 ludo 488, 88
114114 881, 80 1414 104, 14 · 1441144144 088, 80
1141 itiner 110, 8 144144 848, 1 144 041, 88
iudicium 888, 8. 878, 10 1444 1444104414,14.441,1 144114 480, 80
1113410088, 81 144110 888, 111 11. 310, 1 1411141 101, 10. 044, 30
144441444878,0 1444144414, alligo pelligo laycorin 048, 80
1441441444411184, 8. 878, 88, 8

⁸ 10 1444144114114,11. 878,8 Μ ³28, g, 1„ fi„ ΜΒ,
{⁰10 4⁸⁰, ⁹ lepus lepidus lepus 188, 4. lorum 84, 4. 80,17. 147,
18· 1181 , ’, 8718880411 24. 144, 11. 144, 44. m
¹¹²¹ '0¹ Μ 48118 8018188 leprosus 108, 0. 804, 88 41 b 41 p 14. 8. 14 41 4
88, ⁴- 07, 6· 18018800 liber 411, 11110, 4 14, 14. 14, 14. 114, 44.
81 81· 2³8, 11· 801, 1· liberalis 144, 11 , 141, 1. 444, ις 11. 444,
, 818, ⁶: ³⁰4. 48141· 1⁶ 118414 444, 14 1414414411, 14. 414,
, upum inventu· munus libido lubido 10, 4. 114, 14 14. 141, 4, 11. 441, 4.
187804 1¹⁰. ⁸· ¹²42 ⁷· librarius 212, 22 444, 44. 444, 14, 14, 14
1781417014· 303134 libum 46114444 188, 18 macellum 101,18 ·
1104144 101, 8 41444114 000, 8
Κ 14, 18. 08, 0. 804, 14. 1144188, 18 1444114414 300,4
880, 18. 888, 0. 880, 8. ligo 184, 11. 878, 8 14440144 804, 84
088,0 111444 111444 188, 17. 877, 4111414808, 1. 044,8
κακοτεχνία 880, 14 88. 804, 18 1411414488, 80
4441144441 808, 88 1144 818, 81. 804, 80 4144444144 110, 10
44441ὶὴ 11404111 81, 10 114144 108, 18 14444144 100, 4. 880,1
11414114 888, 80 11444888, 11 magister 800, 10
4414111114 808, 18 11444188, 18 maguus 088, 8
4111148444 044, 84 liquidae 11114140 118, 1. 11411404,Ιο
888, 8. 880, 10, 22. 888, 414141,14 maius 488, 18
11388,4.1411118,10. 88, 18. 880, 8. 088, 84. cs. 414144 (1) 110, 11
10. lgeminatum 11, 2. 11114144 4141111444 4141114141 7018.
80,10. 80, 0. 148, 18. liquor 044, 11 888, 10
181, 8. 108, 13 4. 108, 7. 1114111414 73, 8. 870, 80 malleus 110, 18
144, 21. 141, 4. 144, 4. lis 444, 44 limnaeus
,144 41. ³01,1. 102‚1a; 410144, 44 mulo 114, 14. 144, 1. 444,
41 litterae 14, 1. 441. 41, 14. 11
labium labrum 118, 8. 877, 108, 1. 81418. 818, 0. 44144144414111878, 84
88 887, 10. 881, 8. 884, 80. 44114441144444 880, 14
140414 480, 18 881, 8. 888, 0. litterarum 410144 1441414444, 88. 004,
labrum lcutp'p 878, 17 1444414144880,1.11114144 17
144 80, 18 4 014441414444144 70, 7. mulus 4171141480,8.100,10.
1444144 488, 80 11114144 graecae 41 14111144 880, 8. 804, 88
lacrimae 1441441114 100, 10 188, 4. duplices 044444· mancipium 414444111ωο78
14414411441444144144408,1 1441 180, 88 mundo 4144111114 808, 18.
14414414414114411114181,18. 11114141414111141411144881,8 488, 8
188, 1. 874, 8. 808, 87. liviscor 206‚2 mundo 41444414 800, 18
804, 80. 480, 1 1444 480, 87 4111448088
1411104 188, 1 locuples 080, 4 414444 481, 80
144144 14414 184, 4 1444181817. 1444418488 Manes 800, 8
1441108810 longus 1444144444881, 17 4144144017

 

