 

¹ = 13333 333333333333

Aaou: 13, 33. 33, 33. 333, 33* Censorinus 334, 33

Adamantius 147, 8. 166, 16. 216, 26 centimetrorum libri 268, 21
Aelius Stilo 334,,3* cicero 34 33. 33, 3. 333, 3. 333, 33.
4131333333 , 333, 3. 314, 3. 333, 3. 333, 33. 334, 3.
Ambrosius 344, 3. 333, 33. 333, 3. 333, 3, de oratore 111 33, 43 43, 33
3133333333, 33. 333, 33.333,33.333,34 in Oratore 43, 333 33, 3
33333343, 33 , 43, 333 33,3
antiphone 331 responsorio 260, 32 pro 11333. Amor. 1,1 421116
Antoninus grommoiiouo 626, 22 - 16, 46 116, 17
Antonino 631333 76, 13 16, 66 421,16
· Aquilo 333, 33. 334, 3* · - 34, 33 433, 33
intur 333, 33. 333, 33. 343, 33. 3443 3374331313 333, 33
6331331333 o. 11331133 io 1733333133. 6,16 121, 26
3331333333 334, o, 33, 33. 333, 3, 33 3, 33 3333
63131133 Fuscus 66, 2* 331. 333. 16, 14 116, 2ο
Aristophanes 3333331133 664, 17 · 37, 63 114,14
4333331333, 33. 333, o* 11 33, 43 333, 33
Asinio· Pollio 36,2 76162 116,6
6110661113 261, 10 ΠΙ 34, ’13 126,16.266,6
63134634336 ' IV 14, 32 116,16.11’1,1’1
3333633333,3*.333,33.333,33. 333, 34, 33 334, 33
mmmwmwmmw &mmm
313 reprobis 277, 6 66,147 117, 16
Augusti innoripiionoo 67,4 V 26, 66 116,11
Avito· 206, 16 pro Cluentio 6,12 267, 26
, 33, 33 333, 33
Bonos 3. 0333133 13303111. I 3,6 416,16
6131133333333,33;33;33.333,3.333, 3, 33 334, 33
33. 333, 33. 333, 4, 333, 33. 333, 33. 3, 34 43334
33333. 33333. 333,3; 34, 33, 333, 33, 33, 33 433. 4
23. 280, 21. 261,20. 284,13. 286, 22. 11, 20 419,‘1
203, 21ς26. 236, 21ς 22. 261,24; 27. ΙΙ 3,3 421, 10
334, 4. 333, 34. 333, 33. 333, 33. 3, 33 4333343333 ,.
333, 11. 333, 33 lv 3, 33 3333
, 3, 33 333, 33
0333311133 deox 26616. 310333311133 10, 21 422,3
033333,0.131133160,11.033333131333313 tie 3133333343 14, 37 276, 27
tiones 67,4 pro Coelio ³,ss 116, 26
cam strabo (3) 333, 33 pro 143333 33, 33 433, 33
Caesellius lim& 1⁶1,st 202,18.206,16 pro Deiotaro 11, 30 114, 10
0333133 Bassus 667, 2 01333133 76, 17
Caper 113, 1 0333311333 Epicadus 636, 27
Carvilius, Spurius 16, 16 Cornelios 031133 646, 36
Coto Originum 111 266, 16 cornelius Severus 261, 6

⁸)Index looorom Ciceronis Sallustii ’13333111 Vergilii, qui 31) Amiano
1133313 13 exemplis elocutionum odooripii 3331, separatim positu· 333

 

