, , 11511111111118118118511111

8111181115 181, 84
8111185511,88
8115185451,84
88518855 118, 84
811558588511
mmmmmn
adprima adprime 455, 8
adquieaoo 455, 18
8111855 451, 11
adrogantia 511, 11
mmm,m'

» adscribo 117, 2. 888, 80

88188518 581, 5
adsentio 101, 8
adsequor 122, 21
adsero 115, 5
adsideo 458, 18
adsimulatus 455, 15

’ ef. 11
“ 81185115 451, 81

 

8835145818838188315-
1118888 1888518585,

118 111 88548

Ae 'ius ludus 548, 88
88188151101, 11

8185158 1488

88588118 aequabilis 888, 88.
585,4

aequipero 454, 88

8851151800, 88

888 858, 81. 885, 15

aestas aestus 581, 81

88811185 455, 88

81 praeparatio 88, 18

833818381881,11
831118 851 18. 581, 18

w

81118118 455, 18
8111588455, 18
88811115881,15.458,88
8181181081

amolum 101,18

amplector amplexor 101, 14. ’

amploctere amploctere
8551181451, 8
8155588115 544, 88
anaoreoutaum metrum 851,
88115318 proportio 18, 1
anapaestus 884, 81
8888 anua 101, 15
ancora 81515588, 14
811351 101, 18

agnomen 855, 11. 54518 5831118884, 5
adspiratio 11 418, 10. 14, 4444444444 57, 45 554, 55 aalma animm 581, 81
11.18,15.88,11. 158, 4854555
8.158,1;14.155,15.’5515888810

190, 5. 801, 11. 808, 4. 4845551745114, 1
5581 1 litteram 154, ¹·a1proae161 54, 45 57, ante 185, 8. 881, 11. 888,

mmmmm
1118854, 15

j adstringo 101, 8. 455, 15 444444· 4144444 457, 7

animadverto 455, 1. 580,
auidam 88111181 524, 23

18. 858, 22) incompositis
ἐξ, 15. .aoto exspectatum

adstrue 111, 11. 212, 10. 44544 454, 5 554,’ 55 555, antaeo 454, 15

801, 3

88. 580, 9

8118118855 118, 21. 888, 81. 4144 557 ’44

458, 5
adonai 45818
adsurgo 454, 81
mmmumm
advena 811, 8
adventicius 101, 10

alias alibi aliter 51,18.
888, 21. 885, 14
mmmmm
alicubi 808, 8
8058818808, 88
8118118858,88.454, 1

antemnae404, 11
antepono 885, 18
antequam 481, 85
anteverto 455, 81
antidotus 101, 18 '
antiquus 50, 2. 11, 1. 510,
8111813188 5851851111

adverbium 81515. 841, 88. alimentum 4144444444 5554 puncto 585, 80

alimenta 4154444444 77, g 5884515145 vocales ia. ³
1888181411,88. ad· 41104127410713

1815151518 81381858551188 4445444454 445, 55 555, 5 5155188158

408, 88. 585, 83. 541, 20.

848, 8
81181881188585, 10

81151911,101, 11. 853, 81. 885,

adversus adversim 115, 18. 45444 555, 45
854,1.151,14. advorsae 44444444, 557, 54
149, 18. 1811518118 11, 88 8111308013818451,81 8111548558 880, 83

adulescens 100, 88.

811135 81113818 88, 8. 81, 11

81815451, 8. adulor 101,8 4103 444 44454 534, 3
adulterinus 81811818188101 alter 84, 18 854, 8

10

8111118 881, 81

811555 181, 8. 184, 21. altitudo 580, 1
8115818118,’151,85.455,15 39514

89510
8115111111, 185, 88

alvearia 101, 18. 858, 8

8811118455,11

858115 541,18
85158811118181115118,14. 38,
Aliis 85148188

apostrophos 881, 8. 88ομ ⁰

85ξῖἶ81168οἑ13ἔ8111115Λι.
appellationes 888, 10. 851,
1. appellativa nomina

appello appellare 81,10.

8881 8181881551,8118810118.185,11.884, 589, 18
80. 144, 81. 158, 10. aa 32. 891, 5
81 8 114, 81. 115, 18. am 1111115 adverbia 418, 88
858, 81. 810, 3. 811,81. 818818088101, 15
810, 84. 884, 83. 881, 8. ambages 119, 8

8558115 appellere 51,15.
8556811858· 881, 81
8551155 458, 0

888, 80. 885,4.881.1;8815118111,4.881111115101, 8511185881
84. 898, 0· 80. 800, 81; 15
89. 804, 73 85. 805, 81. ambo 04, 5. 101, 14. 804, 154, 17. 854, to. 895, 11

80818810, 4.
mmmmm

1. 455, 10
881511558815

mm,mwwomr

855, 18. 451 18
aqua 15, 10.858,18. 888, 18

 

